10.31125	10.02875	2.68375
10.02875	10.31125	2.68375
10.31125	10.31125	2.40125
10.02875	9.74625	2.11875
10.02875	9.46375	2.40125
9.74625	10.31125	2.96625
9.74625	9.46375	2.68375
9.46375	10.31125	2.68375
10.02875	10.02875	1.83625
10.59375	9.74625	2.68375
9.46375	10.02875	2.96625
9.74625	9.74625	1.83625
9.46375	9.46375	2.40125
9.74625	10.02875	3.24875
10.02875	9.74625	3.24875
10.31125	10.31125	1.83625
10.31125	10.02875	3.24875
10.02875	10.31125	3.24875
9.18125	10.02875	2.68375
9.46375	10.02875	1.83625
9.18125	9.74625	2.40125
10.02875	9.18125	2.11875
10.59375	9.46375	2.96625
9.74625	9.46375	3.24875
10.59375	10.59375	2.96625
9.46375	10.31125	3.24875
10.02875	9.74625	1.55375
10.59375	9.74625	3.24875
9.18125	10.31125	2.96625
10.02875	10.31125	1.55375
10.31125	10.59375	3.24875
10.59375	10.31125	3.24875
9.74625	10.87625	2.96625
10.87625	9.74625	2.96625
10.59375	9.18125	2.68375
10.31125	10.87625	2.96625
9.46375	10.87625	2.68375
9.46375	9.18125	2.11875
10.87625	10.59375	2.68375
10.59375	9.18125	2.11875
9.74625	9.18125	1.83625
9.46375	10.87625	2.11875
10.87625	9.46375	2.11875
9.18125	10.31125	1.83625
10.31125	9.18125	1.83625
9.74625	9.46375	1.55375
10.31125	10.31125	3.53125
10.87625	9.74625	1.83625
10.31125	10.87625	1.83625
9.74625	10.59375	1.55375
10.02875	10.87625	3.24875
10.02875	9.46375	3.53125
9.46375	10.02875	3.53125
10.59375	10.02875	3.53125
10.87625	9.18125	2.40125
8.89875	10.31125	2.11875
10.31125	11.15875	2.68375
10.02875	10.02875	1.27125
9.18125	9.46375	3.24875
9.74625	11.15875	2.11875
11.15875	9.74625	2.11875
9.18125	10.02875	1.55375
8.89875	10.59375	2.40125
10.59375	9.18125	3.24875
9.46375	10.87625	3.24875
10.87625	9.46375	3.24875
8.89875	10.02875	1.83625
10.02875	8.89875	1.83625
10.87625	9.18125	2.96625
10.59375	9.46375	3.53125
10.31125	10.31125	1.27125
11.15875	10.59375	2.40125
8.89875	9.46375	2.96625
10.59375	8.89875	2.96625
10.02875	11.15875	1.83625
11.15875	10.02875	1.83625
9.74625	9.18125	3.53125
10.31125	10.02875	3.81375
10.31125	9.18125	3.53125
8.89875	9.74625	3.24875
9.74625	8.89875	3.24875
10.87625	9.18125	1.83625
10.87625	9.74625	3.53125
9.74625	10.87625	3.53125
9.18125	8.89875	2.68375
9.74625	11.15875	3.24875
10.87625	10.87625	1.83625
9.74625	8.61625	2.40125
10.59375	8.89875	1.83625
10.87625	8.89875	2.68375
10.59375	10.87625	1.55375
10.31125	8.61625	2.40125
8.89875	9.18125	2.11875
11.15875	9.18125	2.68375
10.02875	8.61625	2.11875
9.46375	9.46375	1.27125
10.31125	9.46375	3.81375
11.44125	10.02875	2.68375
10.59375	9.74625	3.81375
9.74625	10.59375	3.81375
11.15875	10.87625	2.68375
9.46375	10.59375	1.27125
9.74625	11.44125	2.40125
9.74625	8.89875	1.55375
11.44125	10.31125	2.40125
9.74625	8.61625	2.96625
10.31125	8.61625	2.96625
9.46375	8.61625	2.68375
10.87625	11.15875	2.11875
9.18125	10.31125	1.27125
10.31125	9.18125	1.27125
10.02875	10.31125	0.98875
9.18125	9.18125	3.53125
8.61625	9.74625	1.83625
8.89875	8.89875	2.40125
10.31125	8.61625	1.83625
10.59375	11.44125	2.68375
10.02875	8.61625	3.24875
10.02875	10.87625	3.81375
8.89875	10.87625	3.24875
10.02875	10.02875	4.09625
10.59375	11.44125	2.11875
11.44125	9.74625	1.83625
10.87625	10.87625	3.53125
11.44125	10.31125	1.83625
9.74625	9.46375	0.98875
11.44125	10.02875	3.24875
9.46375	10.31125	0.98875
10.31125	9.46375	0.98875
9.18125	9.46375	3.81375
10.59375	9.74625	0.98875
9.74625	10.59375	0.98875
9.74625	10.31125	4.09625
10.02875	8.89875	1.27125
10.59375	9.18125	3.81375
9.18125	11.44125	2.40125
11.44125	9.18125	2.40125
9.46375	8.61625	3.24875
8.89875	11.15875	2.96625
8.89875	9.18125	1.55375
10.02875	8.61625	1.55375
9.46375	10.02875	4.09625
10.87625	10.59375	3.81375
10.59375	10.87625	3.81375
10.87625	11.44125	2.40125
8.33375	9.74625	2.68375
10.87625	8.61625	2.96625
10.59375	10.02875	4.09625
10.02875	10.59375	4.09625
8.33375	10.31125	2.68375
9.46375	11.44125	3.24875
11.44125	10.02875	1.55375
10.02875	11.44125	1.55375
10.02875	11.72375	2.40125
8.33375	9.74625	2.11875
11.44125	10.59375	3.24875
10.59375	11.44125	3.24875
10.87625	11.15875	1.55375
9.18125	8.61625	1.83625
8.61625	9.18125	1.83625
8.89875	10.31125	3.81375
10.02875	10.87625	0.98875
11.72375	9.74625	2.68375
9.46375	8.33375	2.40125
10.31125	11.72375	2.68375
11.72375	10.31125	2.68375
9.46375	9.46375	4.09625
11.15875	9.74625	3.81375
11.15875	10.31125	3.81375
9.74625	11.72375	2.11875
9.74625	11.44125	3.53125
11.15875	10.59375	1.27125
10.59375	11.15875	1.27125
11.72375	10.31125	2.11875
10.02875	8.33375	1.83625
9.46375	9.18125	0.98875
11.15875	8.61625	2.68375
9.18125	10.31125	4.09625
11.44125	8.89875	2.68375
9.74625	8.33375	3.24875
10.59375	10.87625	0.98875
10.31125	10.31125	0.70625
10.02875	11.72375	1.83625
11.72375	10.02875	1.83625
8.33375	10.31125	3.24875
11.44125	11.15875	2.68375
11.15875	11.44125	2.68375
8.33375	9.18125	2.68375
9.18125	8.33375	2.68375
9.74625	8.61625	1.27125
9.46375	8.33375	1.83625
10.02875	9.46375	0.70625
10.59375	11.72375	2.96625
9.74625	8.89875	0.98875
11.44125	11.15875	2.11875
10.02875	10.59375	0.70625
8.33375	10.87625	2.68375
8.33375	9.18125	2.11875
11.72375	9.74625	3.24875
10.31125	10.02875	4.37875
11.72375	9.18125	2.68375
8.89875	8.61625	3.24875
8.61625	8.89875	3.24875
8.89875	10.87625	3.81375
11.15875	9.18125	3.81375
8.61625	10.87625	3.53125
11.15875	8.61625	3.24875
11.15875	10.87625	3.81375
10.02875	8.33375	3.53125
8.33375	10.02875	3.53125
8.89875	11.44125	3.24875
9.74625	8.05125	2.40125
11.72375	10.87625	2.11875
10.31125	9.46375	4.37875
10.59375	10.59375	0.70625
10.59375	9.74625	4.37875
9.18125	9.74625	0.70625
10.31125	10.59375	4.37875
9.18125	10.87625	4.09625
10.59375	8.61625	3.81375
9.18125	8.33375	3.24875
8.61625	8.89875	1.55375
11.72375	10.02875	3.53125
8.61625	8.61625	2.96625
9.74625	8.05125	2.96625
10.87625	10.87625	4.09625
8.61625	9.18125	1.27125
10.87625	8.33375	3.24875
8.05125	10.31125	2.96625
12.00625	10.31125	2.40125
10.31125	12.00625	2.40125
10.59375	11.44125	3.81375
11.44125	11.44125	2.40125
9.18125	8.89875	0.98875
12.00625	10.02875	2.11875
8.33375	10.59375	3.53125
9.18125	10.02875	4.37875
10.87625	11.72375	3.24875
11.72375	10.87625	3.24875
8.05125	9.74625	1.83625
12.00625	9.74625	2.96625
11.44125	11.15875	1.55375
10.31125	12.00625	2.96625
9.18125	8.33375	1.55375
12.00625	9.46375	2.68375
9.46375	12.00625	2.68375
11.44125	10.87625	1.27125
9.74625	10.02875	0.42375
10.59375	11.72375	3.53125
11.15875	10.87625	0.98875
11.72375	8.89875	2.96625
9.18125	8.05125	2.40125
9.46375	8.61625	0.98875
10.59375	9.18125	4.37875
9.18125	9.18125	0.70625
10.87625	11.72375	1.55375
10.59375	10.87625	4.37875
11.44125	9.74625	4.09625
8.05125	10.59375	3.24875
10.59375	11.44125	0.98875
8.61625	8.33375	2.68375
10.87625	8.05125	2.96625
11.72375	10.31125	3.81375
10.31125	11.72375	3.81375
9.74625	8.89875	4.37875
8.33375	8.61625	2.11875
8.89875	8.61625	3.81375
12.00625	9.46375	3.24875
9.18125	8.05125	1.83625
8.05125	9.18125	1.83625
10.59375	12.00625	3.24875
12.00625	10.59375	3.24875
8.05125	10.31125	3.53125
11.15875	10.31125	4.37875
9.46375	8.05125	1.55375
10.02875	7.76875	2.40125
10.02875	10.59375	4.66125
10.59375	10.02875	4.66125
11.44125	11.72375	2.68375
9.18125	8.61625	4.09625
11.15875	11.44125	3.81375
12.00625	9.74625	3.53125
8.33375	11.15875	3.53125
12.00625	10.31125	3.53125
8.61625	10.87625	4.09625
10.87625	8.61625	4.09625
12.00625	10.87625	1.83625
8.89875	11.72375	3.53125
8.33375	10.87625	3.81375
9.46375	7.76875	2.40125
9.18125	11.44125	4.09625
11.44125	9.18125	4.09625
10.02875	8.33375	4.09625
8.33375	10.02875	4.09625
12.28875	9.74625	2.68375
12.28875	10.31125	2.68375
10.31125	12.28875	2.68375
10.59375	10.59375	4.66125
12.00625	11.15875	2.68375
9.74625	9.18125	4.66125
9.18125	9.74625	4.66125
8.89875	8.61625	0.98875
9.18125	8.89875	4.37875
11.44125	8.33375	3.24875
8.61625	11.72375	3.24875
12.28875	10.02875	2.96625
8.33375	8.89875	1.27125
9.74625	10.87625	4.66125
10.87625	9.74625	4.66125
10.02875	8.05125	3.81375
9.18125	11.15875	4.37875
10.59375	7.76875	2.96625
7.76875	10.59375	2.96625
8.33375	8.33375	2.40125
10.02875	10.02875	0.14125
8.05125	8.89875	3.24875
8.61625	8.33375	1.55375
8.33375	8.61625	1.55375
10.59375	12.28875	2.40125
9.74625	7.76875	3.24875
8.05125	10.87625	3.53125
10.31125	7.76875	3.24875
11.44125	11.44125	1.27125
8.33375	10.59375	4.09625
7.76875	9.18125	2.68375
9.74625	9.74625	0.14125
11.15875	11.44125	0.98875
7.76875	9.46375	1.83625
8.61625	8.05125	2.40125
9.46375	8.61625	4.37875
9.46375	12.28875	2.96625
10.31125	10.31125	0.14125
8.33375	8.33375	2.96625
9.18125	7.76875	2.11875
8.61625	10.59375	4.37875
8.89875	12.00625	3.24875
9.18125	8.61625	0.70625
11.72375	9.46375	4.09625
9.74625	12.28875	3.24875
10.59375	11.72375	4.09625
11.72375	10.59375	4.09625
10.59375	8.05125	3.81375
11.44125	9.46375	4.37875
9.46375	11.44125	4.37875
12.28875	10.31125	3.24875
10.31125	12.28875	3.24875
11.15875	11.15875	0.70625
8.05125	8.89875	1.55375
12.00625	11.15875	3.24875
11.15875	12.00625	3.24875
8.61625	8.05125	2.96625
11.44125	11.72375	1.55375
11.72375	11.44125	1.55375
8.05125	9.18125	1.27125
9.18125	9.18125	4.66125
9.74625	10.02875	4.94375
10.02875	9.74625	4.94375
10.87625	11.44125	0.70625
9.18125	10.87625	4.66125
11.44125	12.00625	2.40125
9.46375	9.46375	0.14125
10.87625	12.28875	2.11875
8.61625	8.05125	1.83625
9.18125	7.76875	3.24875
10.59375	8.89875	4.66125
12.28875	10.02875	3.53125
10.87625	7.76875	3.24875
9.74625	9.46375	4.94375
10.02875	7.48625	2.68375
7.48625	10.02875	2.68375
10.59375	9.74625	4.94375
8.05125	9.74625	4.09625
8.33375	8.61625	3.81375
8.61625	8.33375	3.81375
10.87625	11.15875	0.42375
10.59375	10.31125	4.94375
8.05125	10.31125	4.09625
9.18125	12.28875	3.24875
10.87625	12.28875	3.24875
8.33375	11.44125	3.81375
11.44125	8.33375	3.81375
9.46375	12.28875	3.53125
12.28875	11.15875	2.40125
11.15875	12.28875	2.40125
10.31125	11.72375	4.37875
9.74625	7.48625	2.96625
8.61625	11.72375	3.81375
8.33375	8.33375	3.53125
10.31125	7.48625	2.96625
9.74625	12.00625	4.09625
9.46375	7.48625	2.68375
9.74625	8.61625	4.66125
12.28875	10.59375	3.53125
11.44125	11.44125	4.09625
11.72375	8.89875	4.09625
8.89875	8.05125	3.81375
10.87625	10.02875	4.94375
11.72375	8.33375	3.53125
9.74625	11.44125	4.66125
11.44125	8.89875	4.37875
10.31125	11.44125	4.66125
11.15875	8.05125	3.81375
7.48625	10.02875	3.24875
10.02875	7.48625	3.24875
12.28875	10.87625	1.55375
9.18125	9.46375	4.94375
8.89875	12.00625	3.81375
8.33375	8.61625	0.98875
8.33375	9.18125	4.37875
9.18125	8.33375	4.37875
12.57125	10.59375	2.68375
9.18125	7.48625	2.40125
9.74625	12.28875	3.81375
12.28875	9.74625	3.81375
11.72375	12.00625	2.68375
8.61625	7.76875	2.11875
7.76875	8.61625	2.11875
10.31125	12.28875	3.81375
12.28875	10.31125	3.81375
8.33375	8.33375	1.27125
12.00625	11.15875	3.81375
8.89875	8.89875	4.66125
12.57125	10.59375	2.11875
9.18125	11.72375	4.37875
11.72375	9.18125	4.37875
11.15875	8.89875	4.66125
8.89875	9.74625	4.94375
8.89875	7.76875	3.53125
11.72375	10.87625	4.37875
11.44125	11.72375	0.98875
11.44125	12.28875	2.68375
10.87625	12.57125	2.40125
11.44125	9.18125	4.66125
7.48625	9.18125	1.83625
7.48625	9.74625	3.53125
9.74625	7.48625	3.53125
7.76875	8.61625	3.24875
9.46375	12.57125	3.24875
7.76875	10.87625	3.81375
7.76875	10.02875	4.09625
11.72375	12.00625	3.24875
8.89875	7.48625	2.68375
12.57125	10.87625	2.96625
9.18125	12.28875	3.81375
12.00625	11.15875	0.98875
7.76875	8.89875	1.27125
11.44125	11.15875	0.42375
10.87625	12.28875	3.81375
8.33375	9.46375	4.66125
12.57125	9.74625	3.53125
10.31125	12.57125	3.53125
10.59375	8.33375	4.66125
7.76875	9.46375	4.09625
12.57125	10.87625	1.83625
12.00625	9.46375	4.37875
9.46375	12.00625	4.37875
8.61625	10.02875	4.94375
10.02875	8.61625	4.94375
12.00625	11.72375	1.55375
9.74625	7.20375	2.68375
10.87625	8.89875	4.94375
8.89875	10.87625	4.94375
8.89875	8.89875	0.14125
10.02875	7.48625	3.81375
11.44125	10.02875	4.94375
10.02875	11.44125	4.94375
9.46375	12.28875	4.09625
10.87625	11.15875	4.94375
11.15875	12.28875	1.27125
8.89875	7.48625	3.24875
7.20375	9.46375	2.40125
12.28875	10.59375	4.09625
10.59375	12.28875	4.09625
10.87625	7.48625	3.53125
8.61625	7.48625	2.40125
11.15875	11.15875	0.14125
11.72375	8.33375	4.09625
8.33375	8.05125	3.81375
9.46375	7.20375	2.96625
9.46375	7.48625	3.81375
7.48625	9.46375	3.81375
10.02875	12.57125	3.81375
9.18125	12.57125	3.53125
12.85375	10.02875	2.96625
10.59375	11.44125	4.94375
8.61625	11.72375	4.37875
9.74625	7.20375	3.24875
7.20375	10.31125	3.24875
10.31125	7.20375	3.24875
12.00625	8.61625	4.09625
8.61625	12.00625	4.09625
12.00625	12.00625	1.83625
8.05125	11.72375	3.81375
12.85375	10.59375	2.40125
11.15875	12.57125	3.24875
9.74625	8.05125	4.66125
8.05125	8.89875	4.37875
9.74625	7.76875	4.37875
8.61625	7.76875	3.81375
9.46375	12.57125	3.81375
7.20375	9.18125	2.11875
11.44125	12.00625	4.09625
12.00625	11.44125	4.09625
8.33375	8.89875	4.66125
8.61625	7.48625	1.83625
10.59375	12.57125	3.81375
12.57125	10.59375	3.81375
11.44125	12.57125	2.40125
10.59375	12.85375	2.96625
11.72375	12.00625	3.81375
8.33375	8.33375	0.70625
7.76875	11.44125	3.81375
10.31125	12.00625	4.66125
8.33375	9.74625	4.94375
7.76875	8.33375	3.53125
9.74625	12.28875	4.37875
12.57125	11.15875	1.55375
11.15875	7.76875	4.09625
12.28875	8.61625	3.81375
8.61625	12.28875	3.81375
7.20375	10.02875	3.53125
10.02875	7.20375	3.53125
11.15875	12.00625	4.37875
7.76875	8.05125	2.11875
7.48625	10.31125	4.09625
11.72375	11.15875	4.66125
8.61625	8.33375	0.42375
9.74625	11.72375	4.94375
10.31125	11.72375	4.94375
11.44125	12.28875	3.81375
8.61625	8.89875	4.94375
8.05125	8.05125	1.27125
11.44125	12.57125	1.83625
8.05125	9.18125	4.66125
11.72375	11.72375	0.70625
9.46375	7.20375	3.53125
9.18125	7.76875	4.37875
7.76875	9.18125	4.37875
12.85375	10.02875	3.53125
12.57125	9.74625	4.09625
8.61625	11.15875	4.94375
11.15875	8.61625	4.94375
7.20375	10.59375	3.53125
10.59375	7.20375	3.53125
8.89875	7.20375	2.96625
7.20375	8.89875	2.96625
10.31125	12.57125	4.09625
7.76875	8.33375	1.27125
8.33375	7.76875	1.27125
10.87625	7.76875	4.37875
12.00625	11.72375	0.98875
11.44125	12.00625	0.70625
11.44125	11.15875	4.94375
11.15875	11.44125	4.94375
9.18125	12.28875	4.37875
10.87625	12.00625	4.66125
10.87625	12.85375	3.24875
8.89875	7.20375	1.83625
9.46375	12.85375	3.53125
8.33375	10.87625	4.94375
9.18125	7.48625	4.09625
12.57125	8.89875	3.81375
8.89875	12.57125	3.81375
11.44125	12.28875	0.98875
12.57125	11.72375	2.68375
10.87625	7.48625	4.09625
7.20375	10.31125	3.81375
10.31125	7.20375	3.81375
7.76875	8.05125	1.55375
8.05125	7.76875	1.55375
11.15875	12.85375	2.96625
12.57125	11.72375	2.11875
9.74625	6.92125	2.96625
8.61625	7.20375	2.68375
10.02875	7.48625	4.37875
7.20375	8.61625	2.11875
12.28875	10.02875	4.66125
7.76875	9.46375	4.66125
10.02875	12.00625	4.94375
7.76875	10.59375	4.66125
8.05125	9.46375	4.94375
8.89875	7.20375	3.53125
10.59375	8.05125	4.94375
8.05125	7.48625	2.40125
7.48625	9.46375	4.37875
10.02875	12.57125	4.37875
11.72375	12.57125	3.24875
8.05125	8.05125	4.09625
10.31125	13.13625	2.96625
6.92125	9.18125	2.40125
12.28875	9.46375	4.66125
9.46375	12.28875	4.66125
11.44125	12.57125	1.27125
9.18125	7.20375	3.81375
7.20375	9.18125	3.81375
7.20375	8.61625	3.24875
7.76875	8.33375	4.09625
7.20375	10.87625	3.81375
9.46375	6.92125	3.24875
7.48625	8.05125	2.96625
10.59375	12.00625	4.94375
12.00625	10.59375	4.94375
8.61625	8.05125	4.66125
13.13625	10.02875	3.24875
11.72375	8.33375	4.66125
8.61625	7.76875	4.37875
12.57125	10.59375	4.37875
11.72375	7.76875	4.09625
8.05125	11.44125	4.66125
11.44125	8.05125	4.66125
11.15875	12.85375	3.53125
12.28875	8.33375	4.09625
9.74625	6.92125	3.53125
6.92125	9.74625	3.53125
13.13625	10.87625	2.40125
8.61625	7.20375	1.55375
7.20375	8.61625	1.55375
12.85375	10.87625	3.81375
10.31125	6.92125	3.53125
8.61625	8.33375	4.94375
12.85375	10.02875	4.09625
13.13625	10.59375	3.24875
11.72375	12.28875	4.09625
12.00625	11.44125	4.66125
8.33375	7.48625	3.81375
12.28875	11.44125	4.37875
12.00625	12.57125	2.96625
8.61625	11.72375	4.94375
8.05125	8.33375	0.42375
12.28875	12.28875	1.83625
8.33375	7.76875	0.70625
7.76875	8.33375	0.70625
12.85375	9.46375	4.09625
9.46375	12.85375	4.09625
12.28875	12.00625	3.81375
11.44125	11.72375	4.94375
12.85375	10.59375	4.09625
7.76875	10.31125	4.94375
9.74625	7.48625	4.66125
7.48625	8.89875	4.37875
12.57125	12.00625	1.83625
10.31125	7.48625	4.66125
8.05125	11.15875	4.94375
11.72375	12.85375	2.40125
8.89875	12.00625	4.94375
11.44125	12.57125	4.09625
12.57125	11.44125	4.09625
11.15875	12.28875	4.66125
6.92125	8.89875	3.24875
12.00625	12.00625	0.70625
9.74625	12.28875	4.94375
12.57125	11.72375	3.81375
13.13625	11.15875	2.11875
7.76875	7.48625	2.68375
7.48625	7.76875	2.68375
11.15875	12.00625	4.94375
12.57125	8.89875	4.37875
8.89875	12.57125	4.37875
8.33375	7.48625	0.98875
9.74625	7.20375	4.37875
12.28875	11.72375	0.70625
9.46375	6.92125	3.81375
12.28875	12.00625	0.98875
12.00625	12.28875	0.98875
6.92125	10.59375	3.81375
13.13625	10.02875	3.81375
6.92125	8.61625	2.96625
8.05125	7.48625	1.27125
7.48625	8.05125	1.27125
8.05125	7.20375	2.68375
9.18125	7.48625	4.66125
7.48625	9.18125	4.66125
9.74625	12.85375	4.37875
8.05125	7.20375	2.11875
7.20375	8.05125	2.11875
10.31125	12.85375	4.37875
11.72375	12.57125	0.98875
12.28875	9.18125	4.94375
12.28875	12.57125	2.68375
8.89875	12.85375	4.09625
12.85375	8.89875	4.09625
12.57125	9.18125	4.66125
12.28875	10.87625	4.94375
12.28875	12.28875	1.27125
12.85375	11.15875	4.09625
10.87625	12.57125	4.66125
12.57125	10.87625	4.66125
10.31125	6.92125	4.09625
13.13625	11.44125	2.96625
12.00625	12.57125	1.27125
12.85375	11.72375	3.53125
11.72375	12.85375	3.53125
12.00625	12.85375	2.68375
13.41875	10.59375	2.96625
8.33375	6.92125	2.68375
12.85375	12.00625	2.11875
12.28875	12.57125	3.24875
6.92125	8.89875	3.81375
6.92125	8.61625	3.53125
10.31125	13.13625	4.09625
12.00625	8.05125	4.66125
7.20375	8.05125	1.55375
8.33375	8.05125	4.94375
12.28875	8.05125	4.37875
8.05125	12.28875	4.37875
10.02875	12.57125	4.94375
7.48625	10.59375	4.94375
10.59375	7.48625	4.94375
7.48625	8.05125	4.09625
9.18125	6.92125	4.09625
8.89875	6.63875	2.96625
11.72375	8.05125	4.94375
12.28875	12.57125	1.55375
13.41875	10.02875	3.53125
7.20375	9.46375	4.66125
12.28875	12.00625	4.37875
10.87625	6.92125	4.09625
6.92125	10.87625	4.09625
7.20375	7.76875	2.40125
10.02875	12.85375	4.66125
8.33375	6.92125	3.24875
6.92125	8.33375	3.24875
7.48625	11.72375	4.37875
7.48625	7.48625	2.96625
8.61625	7.76875	4.94375
12.57125	9.46375	4.94375
9.46375	12.57125	4.94375
13.13625	11.15875	3.81375
10.59375	12.57125	4.94375
11.72375	13.13625	2.11875
12.00625	11.72375	4.94375
11.44125	13.13625	3.53125
13.13625	11.44125	3.53125
7.20375	7.76875	2.96625
7.76875	7.20375	2.96625
13.41875	10.87625	3.24875
7.48625	7.76875	3.81375
12.28875	12.28875	4.09625
11.15875	13.41875	2.40125
12.00625	12.85375	1.55375
11.44125	7.48625	4.66125
7.48625	7.48625	1.83625
7.76875	8.05125	0.42375
9.46375	12.85375	4.66125
11.72375	12.57125	4.37875
8.33375	7.20375	4.09625
8.33375	6.92125	1.55375
10.87625	13.13625	4.09625
10.59375	12.85375	4.66125
6.63875	8.61625	2.68375
8.61625	6.63875	2.68375
11.44125	12.28875	4.94375
12.28875	11.44125	4.94375
9.46375	6.92125	4.37875
6.63875	8.61625	2.11875
12.57125	11.44125	4.66125
6.92125	8.05125	2.96625
8.89875	7.48625	4.94375
10.31125	13.41875	3.81375
12.28875	12.00625	0.42375
6.63875	8.89875	3.53125
12.57125	12.28875	3.81375
7.76875	7.48625	0.98875
9.46375	13.13625	4.37875
12.57125	12.57125	1.83625
12.28875	12.28875	0.70625
11.72375	13.13625	1.55375
8.89875	7.20375	4.66125
8.05125	6.92125	1.83625
11.44125	12.85375	4.37875
6.63875	8.61625	3.24875
13.41875	11.44125	2.68375
12.85375	12.28875	1.83625
12.28875	12.85375	1.83625
7.20375	9.74625	4.94375
12.00625	12.85375	3.81375
7.20375	8.05125	0.98875
13.41875	11.44125	2.11875
8.61625	6.92125	4.09625
6.92125	8.61625	4.09625
13.13625	12.00625	2.96625
12.28875	12.57125	0.98875
12.57125	12.28875	0.98875
9.46375	6.63875	4.09625
9.18125	6.35625	2.96625
9.74625	12.85375	4.94375
6.63875	10.59375	4.09625
6.92125	8.89875	4.37875
10.31125	6.92125	4.66125
7.20375	7.48625	2.11875
6.63875	8.33375	2.96625
7.76875	7.20375	1.27125
11.44125	13.41875	3.24875
12.28875	12.85375	3.53125
12.85375	12.28875	3.53125
11.44125	13.13625	4.09625
9.18125	7.20375	4.94375
7.76875	6.92125	2.68375
6.35625	8.89875	2.68375
13.13625	11.72375	3.81375
9.74625	13.13625	4.66125
13.13625	9.74625	4.66125
6.92125	7.76875	2.11875
10.59375	13.70125	3.24875
10.87625	13.70125	2.96625
7.48625	7.20375	3.24875
11.15875	13.13625	4.37875
6.92125	8.05125	1.27125
7.76875	12.28875	4.66125
12.57125	12.85375	2.11875
10.31125	6.63875	4.37875
6.35625	10.02875	3.81375
12.00625	7.48625	4.66125
7.48625	7.20375	1.55375
6.63875	8.89875	4.09625
12.57125	8.05125	4.66125
8.05125	12.57125	4.66125
11.72375	13.41875	1.83625
12.28875	13.13625	2.68375
6.63875	8.05125	2.68375
8.33375	6.63875	3.53125
8.05125	7.20375	4.37875
7.48625	7.48625	4.09625
12.28875	12.00625	4.94375
11.72375	7.48625	4.94375
8.33375	7.20375	4.66125
13.41875	9.74625	4.37875
12.85375	12.57125	3.24875
13.13625	12.00625	1.27125
12.57125	12.28875	4.37875
8.61625	6.35625	2.96625
13.41875	11.44125	3.81375
11.72375	12.57125	4.94375
13.41875	11.15875	4.09625
8.33375	12.85375	4.66125
7.48625	7.76875	0.42375
13.13625	12.28875	3.24875
12.85375	12.57125	1.55375
8.05125	6.63875	3.24875
12.00625	12.85375	4.37875
12.85375	12.00625	4.37875
13.41875	11.72375	3.53125
13.41875	12.00625	2.68375
13.70125	11.44125	2.40125
11.72375	12.85375	4.66125
7.48625	7.48625	0.70625
9.18125	13.41875	4.37875
10.31125	6.35625	4.09625
13.13625	12.28875	1.55375
11.44125	13.70125	2.96625
7.20375	7.76875	0.70625
12.85375	8.61625	4.94375
13.13625	9.46375	4.94375
13.13625	10.59375	4.94375
11.44125	12.85375	4.94375
8.33375	6.35625	2.11875
6.92125	11.44125	4.66125
11.44125	6.92125	4.66125
6.92125	7.48625	1.83625
8.61625	6.35625	3.53125
9.46375	6.63875	4.66125
12.85375	12.85375	2.40125
6.63875	10.59375	4.66125
10.59375	6.63875	4.66125
13.13625	11.72375	4.37875
11.72375	13.13625	4.37875
13.13625	12.00625	4.09625
13.13625	8.61625	4.66125
13.13625	12.57125	2.40125
7.76875	6.63875	2.96625
11.44125	13.13625	4.66125
13.13625	11.44125	4.66125
12.85375	12.28875	0.70625
13.41875	12.00625	1.55375
6.35625	8.33375	3.24875
6.63875	8.33375	4.09625
8.33375	6.63875	4.09625
9.46375	13.41875	4.66125
6.07375	9.18125	3.24875
13.13625	12.57125	2.96625
12.57125	13.13625	2.96625
11.72375	13.70125	2.68375
8.61625	6.63875	4.37875
6.63875	8.61625	4.37875
6.92125	11.15875	4.94375
13.13625	12.28875	3.81375
10.02875	6.35625	4.37875
8.05125	6.63875	3.81375
12.57125	13.13625	1.83625
13.13625	12.57125	1.83625
13.41875	12.28875	2.40125
6.35625	9.46375	4.37875
11.15875	13.13625	4.94375
6.63875	8.89875	4.66125
10.02875	13.70125	4.37875
7.48625	7.76875	4.94375
6.35625	8.05125	2.96625
8.05125	6.35625	2.96625
13.41875	11.44125	4.37875
9.74625	6.63875	4.94375
7.76875	6.63875	3.53125
6.07375	8.61625	2.68375
13.41875	12.28875	1.83625
11.15875	13.98375	2.96625
7.20375	7.76875	4.66125
13.13625	12.57125	3.53125
13.70125	9.46375	4.37875
12.57125	7.76875	4.94375
7.20375	8.05125	4.94375
6.63875	7.48625	2.68375
7.48625	7.20375	4.37875
8.89875	6.07375	3.53125
10.31125	13.98375	3.81375
13.41875	11.15875	4.66125
13.70125	12.00625	2.40125
8.61625	6.35625	4.09625
10.31125	13.41875	4.94375
7.76875	6.63875	1.27125
12.85375	12.85375	1.27125
9.18125	6.07375	3.81375
6.07375	9.18125	3.81375
12.00625	7.20375	4.94375
7.20375	12.00625	4.94375
12.57125	12.28875	4.94375
12.57125	12.57125	4.66125
8.05125	12.85375	4.94375
6.63875	9.18125	4.94375
6.92125	8.05125	4.66125
6.07375	10.02875	4.09625
6.92125	7.76875	4.37875
12.28875	13.41875	3.53125
9.74625	6.35625	4.66125
6.35625	10.31125	4.66125
7.20375	7.20375	4.09625
7.48625	7.48625	0.14125
8.33375	6.07375	2.40125
8.33375	6.92125	4.94375
12.85375	12.57125	4.37875
13.41875	9.18125	4.94375
6.92125	7.48625	4.09625
13.98375	10.87625	3.81375
13.70125	11.72375	3.81375
6.35625	7.76875	2.11875
7.76875	6.35625	2.11875
11.72375	6.92125	4.94375
10.87625	13.41875	4.94375
13.41875	12.28875	1.27125
12.28875	13.41875	1.27125
6.63875	7.48625	1.55375
11.15875	13.70125	4.37875
13.13625	8.33375	4.94375
13.13625	12.28875	4.37875
6.35625	10.87625	4.66125
8.33375	6.63875	4.66125
7.76875	6.63875	4.09625
11.72375	13.98375	2.40125
13.41875	12.57125	3.24875
10.31125	6.07375	4.37875
6.07375	8.61625	3.81375
12.28875	13.70125	2.11875
13.70125	12.28875	2.11875
6.92125	6.92125	2.96625
6.07375	8.89875	4.09625
6.63875	8.61625	4.94375
13.41875	12.57125	1.55375
10.02875	6.35625	4.94375
8.33375	6.07375	3.53125
6.07375	8.33375	3.53125
13.41875	11.72375	4.66125
7.20375	6.63875	2.96625
6.63875	11.44125	4.94375
5.79125	9.18125	3.53125
13.41875	12.28875	4.09625
8.89875	5.79125	3.24875
13.98375	10.31125	4.37875
12.85375	12.85375	0.70625
6.35625	9.46375	4.94375
9.46375	6.35625	4.94375
8.61625	13.41875	4.94375
6.92125	7.20375	0.98875
7.48625	6.35625	2.40125
11.44125	13.41875	4.94375
11.15875	13.98375	4.09625
12.28875	13.70125	1.55375
13.41875	12.85375	2.40125
12.85375	13.41875	2.40125
8.61625	6.35625	4.66125
7.48625	6.63875	0.98875
13.70125	10.59375	4.94375
12.57125	13.41875	3.81375
14.26625	10.87625	3.53125
12.00625	13.98375	2.11875
13.41875	12.85375	2.96625
7.48625	7.20375	4.94375
13.70125	11.72375	4.37875
14.26625	10.59375	3.81375
12.57125	13.70125	2.40125
13.70125	12.57125	2.40125
6.92125	7.76875	4.94375
7.76875	6.92125	4.94375
13.70125	11.44125	4.66125
12.00625	13.98375	3.24875
6.35625	8.89875	4.94375
6.92125	7.48625	4.66125
5.79125	8.33375	2.68375
12.57125	13.70125	2.96625
10.02875	13.98375	4.66125
7.76875	6.07375	2.96625
6.63875	7.20375	1.27125
12.28875	13.70125	3.81375
12.57125	13.70125	1.83625
6.92125	6.63875	2.68375
6.63875	6.92125	2.68375
9.46375	13.98375	4.66125
7.76875	6.07375	1.83625
14.26625	10.31125	4.09625
6.07375	8.05125	3.81375
12.85375	12.85375	4.66125
8.33375	5.79125	3.24875
8.05125	6.63875	4.94375
6.35625	7.48625	1.27125
12.28875	13.98375	2.40125
7.20375	6.35625	2.68375
11.72375	14.26625	2.68375
6.35625	7.20375	2.11875
10.02875	5.79125	4.37875
5.79125	10.02875	4.37875
12.28875	13.98375	2.96625
12.57125	13.70125	3.53125
13.98375	11.72375	4.09625
9.74625	6.07375	4.94375
7.76875	6.07375	3.53125
14.26625	10.87625	4.09625
10.87625	14.26625	4.09625
5.79125	9.46375	4.37875
9.46375	5.79125	4.37875
13.13625	13.41875	2.68375
13.41875	12.28875	4.66125
6.92125	7.20375	0.42375
13.98375	12.00625	3.81375
6.35625	7.20375	3.24875
13.13625	13.41875	2.11875
11.72375	14.26625	3.24875
14.26625	11.72375	3.24875
7.48625	6.07375	2.68375
7.76875	6.35625	4.37875
6.35625	7.76875	4.37875
12.85375	13.70125	2.68375
13.70125	12.85375	2.68375
11.15875	13.98375	4.66125
10.31125	13.98375	4.94375
13.70125	12.85375	2.11875
8.33375	6.35625	4.94375
14.26625	10.59375	4.37875
6.07375	10.87625	4.94375
5.79125	8.33375	3.81375
13.13625	13.13625	4.09625
7.20375	6.63875	0.70625
12.85375	13.41875	4.09625
13.70125	12.00625	4.66125
13.41875	13.13625	1.55375
5.50875	9.18125	3.81375
7.48625	6.07375	1.55375
11.72375	13.70125	4.94375
7.76875	5.79125	2.68375
8.05125	6.07375	4.37875
6.63875	6.63875	2.96625
7.20375	6.35625	3.81375
14.26625	11.44125	4.09625
5.79125	7.76875	2.11875
12.57125	13.70125	4.09625
13.13625	13.13625	0.70625
14.26625	11.72375	3.81375
11.72375	14.26625	3.81375
9.74625	14.26625	4.66125
6.35625	6.92125	2.96625
5.50875	9.46375	4.09625
12.85375	13.41875	0.70625
14.26625	11.15875	4.37875
10.87625	14.54875	3.81375
13.41875	13.13625	3.81375
5.79125	7.76875	3.24875
7.76875	5.79125	3.24875
12.00625	14.26625	3.53125
11.44125	14.54875	3.24875
6.35625	7.20375	0.98875
12.00625	13.98375	4.37875
7.20375	6.07375	2.96625
7.48625	6.07375	3.81375
12.28875	14.26625	2.68375
13.98375	11.72375	4.66125
14.26625	12.28875	2.11875
7.48625	6.63875	4.94375
6.63875	7.48625	4.94375
10.59375	14.54875	4.09625
6.07375	7.20375	1.83625
7.20375	6.07375	1.83625
10.02875	5.79125	4.94375
5.79125	10.02875	4.94375
5.50875	9.74625	4.37875
6.63875	7.20375	4.66125
13.41875	13.13625	0.98875
11.72375	14.54875	2.96625
13.98375	11.44125	4.94375
12.85375	13.13625	4.94375
5.79125	9.46375	4.94375
9.46375	5.79125	4.94375
13.70125	13.13625	1.83625
13.13625	13.70125	1.83625
8.33375	5.50875	3.53125
5.50875	8.33375	3.53125
13.98375	12.85375	2.40125
10.59375	5.79125	4.94375
7.48625	5.79125	2.40125
8.05125	5.79125	4.09625
14.26625	10.02875	4.94375
7.76875	6.35625	4.94375
7.48625	5.79125	2.96625
8.61625	5.79125	4.66125
7.76875	5.79125	3.81375
12.85375	13.98375	1.83625
14.26625	9.46375	4.94375
7.48625	5.79125	1.83625
5.50875	8.05125	3.24875
13.70125	13.13625	3.53125
7.20375	6.35625	4.37875
6.35625	6.63875	2.11875
11.72375	14.54875	3.53125
6.92125	6.07375	2.68375
13.70125	12.57125	4.66125
10.87625	14.54875	4.37875
14.26625	12.57125	2.96625
12.57125	14.26625	2.96625
6.92125	6.07375	2.11875
13.70125	13.13625	1.27125
13.13625	13.41875	4.37875
7.76875	6.07375	4.66125
12.85375	13.98375	3.53125
7.48625	5.79125	3.53125
6.63875	6.63875	4.09625
14.26625	12.28875	3.81375
8.05125	6.07375	4.94375
14.26625	12.57125	1.83625
12.85375	13.70125	4.37875
6.35625	6.63875	1.55375
5.50875	8.33375	4.09625
13.98375	12.85375	1.27125
5.79125	7.20375	2.68375
8.61625	5.50875	4.37875
5.50875	8.61625	4.37875
5.79125	7.20375	2.11875
8.05125	5.50875	3.81375
5.50875	8.05125	3.81375
13.98375	13.13625	2.68375
8.61625	5.22625	3.53125
13.98375	12.28875	4.66125
6.07375	7.20375	4.09625
6.92125	6.07375	1.55375
13.41875	13.13625	0.42375
13.41875	13.41875	4.09625
14.54875	12.28875	2.40125
13.70125	13.41875	3.24875
6.92125	6.35625	0.70625
13.98375	12.57125	4.37875
7.20375	5.79125	3.24875
8.33375	5.22625	3.24875
5.79125	8.05125	4.66125
11.72375	14.54875	4.09625
14.54875	11.72375	4.09625
5.50875	7.76875	3.53125
10.31125	5.50875	4.94375
13.98375	13.13625	3.24875
13.41875	13.70125	1.55375
11.44125	14.54875	4.37875
14.54875	11.44125	4.37875
14.83125	11.15875	3.81375
11.15875	14.83125	3.81375
5.79125	7.20375	1.55375
14.54875	12.00625	3.81375
8.33375	5.79125	4.94375
14.83125	11.44125	3.53125
14.26625	12.85375	2.11875
5.50875	7.48625	2.68375
7.48625	5.50875	2.68375
5.79125	7.48625	4.09625
13.41875	13.41875	0.70625
9.46375	5.22625	4.37875
5.50875	7.48625	2.11875
10.87625	14.83125	4.09625
6.63875	6.92125	4.94375
10.31125	14.54875	4.94375
6.35625	6.35625	2.96625
8.05125	5.22625	2.96625
9.18125	5.50875	4.94375
6.63875	6.35625	0.98875
14.83125	11.72375	3.24875
12.00625	14.26625	4.66125
6.35625	7.20375	4.94375
6.92125	6.07375	0.98875
14.54875	12.57125	2.68375
12.57125	14.54875	2.68375
10.87625	14.54875	4.94375
14.54875	12.57125	2.11875
13.41875	13.13625	4.94375
5.22625	9.74625	4.66125
9.74625	5.22625	4.66125
5.22625	8.89875	4.37875
14.83125	12.00625	2.96625
13.70125	13.70125	2.96625
6.07375	7.48625	4.94375
13.41875	13.98375	2.96625
5.22625	7.76875	2.68375
7.20375	6.07375	4.66125
13.98375	13.13625	0.98875
13.41875	13.41875	4.66125
5.50875	8.61625	4.94375
6.35625	6.35625	1.27125
6.35625	6.63875	4.37875
10.31125	14.83125	4.66125
6.63875	6.63875	0.14125
13.70125	13.13625	4.66125
5.50875	7.20375	2.96625
7.20375	5.50875	2.96625
14.83125	11.15875	4.37875
7.48625	5.50875	3.81375
6.63875	6.07375	1.27125
5.79125	6.92125	3.53125
5.50875	7.20375	1.83625
13.70125	13.70125	3.53125
13.13625	14.26625	1.83625
14.83125	12.28875	2.68375
13.98375	13.41875	3.53125
6.92125	5.79125	1.27125
7.48625	5.79125	4.66125
11.44125	14.54875	4.94375
10.02875	5.22625	4.94375
10.87625	14.83125	4.66125
14.83125	10.87625	4.66125
6.07375	6.35625	2.11875
6.35625	6.63875	0.42375
13.41875	13.70125	4.37875
13.41875	13.41875	0.14125
14.54875	12.57125	3.81375
6.63875	5.79125	2.68375
14.54875	12.85375	2.96625
7.20375	5.50875	3.53125
13.98375	13.41875	1.27125
7.48625	5.22625	2.40125
5.22625	7.48625	2.40125
14.83125	12.28875	3.24875
8.61625	4.94375	3.81375
13.13625	13.98375	4.37875
6.07375	6.63875	4.09625
12.28875	14.26625	4.94375
12.57125	14.26625	4.66125
5.22625	7.76875	3.81375
14.26625	13.13625	1.27125
6.07375	6.35625	1.55375
13.98375	13.70125	2.68375
6.92125	5.50875	2.68375
13.70125	13.98375	2.11875
5.79125	6.92125	4.09625
5.79125	6.63875	1.55375
13.41875	14.26625	2.68375
8.05125	4.94375	3.24875
6.07375	6.63875	0.70625
8.05125	5.50875	4.94375
14.83125	12.57125	2.40125
7.48625	5.50875	4.37875
14.26625	13.41875	2.11875
11.44125	14.83125	4.66125
14.83125	12.57125	2.96625
5.50875	6.92125	3.24875
6.35625	6.07375	3.81375
9.46375	4.94375	4.66125
7.20375	5.50875	4.09625
5.50875	6.92125	1.55375
13.13625	14.54875	2.68375
7.20375	5.22625	2.68375
5.22625	7.20375	2.68375
13.13625	14.54875	2.11875
12.00625	14.54875	4.94375
15.11375	12.00625	3.24875
5.22625	7.20375	2.11875
4.94375	7.76875	2.96625
13.98375	13.41875	0.70625
14.26625	13.41875	1.55375
14.54875	12.57125	4.37875
6.07375	6.92125	4.94375
8.33375	4.94375	4.09625
6.35625	5.79125	2.40125
5.79125	6.35625	2.40125
8.61625	4.94375	4.37875
12.57125	14.83125	3.53125
6.07375	6.07375	2.96625
14.54875	13.13625	3.24875
5.22625	7.20375	3.24875
10.59375	15.11375	4.66125
6.63875	5.79125	0.98875
13.41875	13.70125	4.94375
6.92125	5.50875	3.81375
12.85375	14.54875	4.09625
6.63875	6.07375	4.66125
5.79125	6.35625	1.83625
4.94375	8.89875	4.66125
8.89875	4.94375	4.66125
5.79125	7.20375	4.94375
5.22625	8.33375	4.94375
4.94375	9.74625	4.94375
9.74625	4.94375	4.94375
15.11375	12.28875	2.96625
7.76875	4.94375	3.53125
14.26625	13.41875	3.81375
14.83125	12.85375	2.11875
15.11375	11.72375	4.09625
13.98375	13.98375	2.40125
13.98375	13.70125	0.98875
5.79125	6.92125	4.66125
15.11375	12.00625	3.81375
14.26625	13.70125	2.40125
13.70125	14.26625	2.40125
4.94375	7.48625	2.68375
14.83125	12.00625	4.66125
14.83125	12.28875	4.37875
15.11375	11.15875	4.66125
14.26625	13.41875	0.98875
10.31125	15.11375	4.94375
15.11375	10.31125	4.94375
11.72375	14.83125	4.94375
12.85375	14.26625	4.94375
5.22625	7.20375	3.81375
7.20375	5.22625	3.81375
13.41875	14.54875	2.40125
5.50875	7.48625	4.94375
14.83125	12.57125	4.09625
12.57125	14.83125	4.09625
5.50875	6.63875	3.53125
5.79125	6.63875	4.37875
13.41875	14.54875	2.96625
14.26625	13.13625	4.66125
12.57125	15.11375	2.68375
15.11375	10.87625	4.94375
8.33375	4.66125	3.81375
8.33375	4.94375	4.66125
13.70125	13.98375	4.37875
6.92125	5.50875	4.37875
13.13625	14.83125	2.40125
8.89875	4.66125	4.37875
15.11375	12.57125	3.24875
6.92125	5.22625	3.53125
7.20375	4.94375	2.40125
14.26625	13.70125	1.27125
6.35625	5.50875	2.68375
5.50875	6.35625	2.68375
6.35625	5.50875	2.11875
4.94375	7.20375	2.96625
7.20375	4.94375	2.96625
5.79125	6.07375	3.24875
7.76875	5.22625	4.94375
5.22625	7.48625	4.66125
15.11375	11.72375	4.66125
15.39625	11.72375	3.81375
13.98375	13.70125	0.42375
13.41875	14.54875	1.27125
15.11375	12.28875	4.09625
6.07375	5.79125	1.55375
5.79125	6.07375	1.55375
6.07375	6.07375	0.70625
14.54875	13.13625	4.37875
7.20375	5.22625	4.37875
15.39625	12.00625	3.53125
5.79125	6.35625	0.70625
14.26625	13.98375	2.11875
13.98375	14.26625	2.11875
12.85375	15.11375	2.40125
15.11375	12.85375	2.40125
13.70125	14.54875	2.68375
14.26625	13.70125	4.09625
4.94375	7.20375	3.53125
13.70125	14.54875	2.11875
14.83125	12.57125	4.66125
12.57125	14.83125	4.66125
5.22625	6.63875	3.24875
6.07375	6.35625	4.94375
8.33375	4.66125	4.37875
6.92125	5.22625	4.09625
8.05125	4.66125	4.09625
4.66125	8.05125	4.09625
14.54875	13.41875	4.09625
14.54875	13.70125	3.24875
14.26625	13.98375	1.55375
6.63875	5.22625	1.55375
6.63875	5.79125	4.94375
12.85375	14.83125	4.37875
4.66125	7.48625	2.96625
13.41875	14.83125	2.68375
14.83125	13.41875	2.68375
4.94375	6.92125	2.68375
4.66125	8.61625	4.66125
14.26625	13.70125	0.70625
6.35625	5.50875	3.81375
4.94375	6.92125	2.11875
4.66125	7.76875	3.81375
4.94375	8.05125	4.94375
8.05125	4.94375	4.94375
6.07375	5.79125	0.98875
6.07375	6.07375	4.66125
13.98375	13.70125	4.94375
5.50875	6.07375	2.40125
11.72375	15.39625	4.37875
6.35625	5.79125	4.66125
15.39625	12.00625	4.09625
14.83125	13.13625	4.09625
13.41875	14.26625	4.94375
13.41875	14.83125	1.55375
13.13625	15.11375	2.68375
15.39625	12.28875	3.81375
13.70125	14.54875	3.81375
13.13625	15.11375	2.11875
5.50875	6.63875	4.66125
14.26625	13.98375	0.98875
14.26625	14.26625	2.40125
11.15875	15.39625	4.94375
5.79125	5.79125	3.53125
6.35625	5.22625	1.83625
13.98375	14.54875	2.40125
13.70125	14.26625	4.66125
14.26625	14.26625	2.96625
6.07375	5.50875	3.53125
5.50875	6.07375	3.53125
14.83125	13.41875	3.81375
6.92125	4.94375	3.81375
14.54875	13.98375	2.96625
13.98375	14.54875	2.96625
12.57125	15.39625	3.53125
15.39625	12.57125	3.53125
14.26625	14.26625	1.83625
6.63875	4.94375	2.40125
4.66125	7.20375	3.24875
5.79125	5.79125	1.27125
4.66125	8.05125	4.66125
13.41875	14.54875	4.66125
5.50875	6.07375	1.27125
5.22625	6.35625	3.53125
8.33375	4.66125	4.94375
14.83125	13.70125	2.96625
6.63875	4.94375	1.83625
4.94375	6.63875	1.83625
7.48625	4.66125	4.09625
14.83125	12.85375	4.94375
4.37875	8.89875	4.66125
8.89875	4.37875	4.66125
5.22625	6.63875	4.37875
14.54875	13.98375	3.53125
4.37875	7.76875	3.53125
7.76875	4.37875	3.53125
15.67875	11.72375	4.09625
12.00625	15.39625	4.66125
13.13625	14.83125	4.66125
14.83125	13.13625	4.66125
15.67875	11.44125	4.37875
12.28875	15.39625	4.37875
14.26625	14.26625	1.27125
4.94375	6.63875	3.53125
5.79125	5.79125	4.09625
5.50875	5.79125	2.11875
7.20375	4.66125	3.81375
15.11375	13.41875	2.96625
14.54875	13.98375	1.27125
13.98375	14.54875	1.27125
13.70125	14.83125	3.53125
14.83125	13.70125	3.53125
6.07375	5.50875	4.09625
6.07375	5.22625	2.68375
5.22625	6.07375	2.68375
15.67875	11.15875	4.66125
15.39625	12.57125	4.09625
14.26625	13.98375	0.42375
5.79125	5.50875	3.24875
14.83125	13.70125	1.27125
12.28875	15.67875	3.53125
4.94375	6.92125	4.37875
15.11375	12.57125	4.94375
6.07375	5.22625	3.24875
5.22625	6.07375	3.24875
4.37875	8.05125	4.37875
10.87625	15.67875	4.94375
15.67875	10.87625	4.94375
14.26625	14.54875	2.11875
8.33375	4.37875	4.66125
5.79125	6.07375	4.94375
13.98375	14.54875	4.09625
4.94375	6.35625	3.24875
14.54875	14.26625	3.24875
4.37875	8.61625	4.94375
13.70125	14.83125	4.09625
14.83125	13.70125	4.09625
7.48625	4.37875	3.81375
13.98375	14.54875	0.70625
14.54875	13.98375	0.70625
12.00625	15.67875	4.37875
6.63875	4.66125	2.68375
4.66125	6.63875	2.68375
7.20375	4.66125	4.37875
15.67875	11.72375	4.66125
11.72375	15.67875	4.66125
6.63875	4.66125	2.11875
13.70125	15.11375	2.11875
15.11375	13.70125	2.11875
15.39625	13.13625	3.53125
5.22625	6.63875	4.94375
5.79125	5.79125	4.66125
14.83125	13.98375	1.55375
6.07375	5.50875	4.66125
15.67875	11.44125	4.94375
11.44125	15.67875	4.94375
6.63875	4.66125	3.24875
14.54875	13.70125	4.94375
15.11375	13.41875	4.09625
13.41875	15.11375	4.09625
15.39625	12.57125	4.66125
12.57125	15.39625	4.66125
15.11375	13.70125	3.24875
4.37875	7.20375	3.53125
6.07375	5.22625	0.98875
5.79125	5.22625	2.40125
5.22625	5.79125	2.40125
4.94375	6.35625	3.81375
5.22625	5.79125	2.96625
5.79125	5.22625	2.96625
5.50875	5.50875	1.83625
12.85375	15.39625	4.37875
13.41875	15.39625	2.68375
15.39625	13.41875	2.68375
14.83125	13.98375	3.81375
15.39625	13.41875	2.11875
4.94375	6.07375	2.40125
14.83125	13.41875	4.94375
4.94375	6.92125	4.94375
4.09625	8.33375	4.37875
6.07375	4.94375	2.96625
14.54875	13.98375	4.66125
7.76875	4.37875	4.66125
13.41875	15.39625	3.24875
4.37875	8.05125	4.94375
14.54875	14.54875	2.40125
4.94375	6.07375	1.83625
4.09625	8.61625	4.66125
8.61625	4.09625	4.66125
6.63875	4.94375	4.66125
4.09625	7.76875	3.81375
15.11375	13.70125	3.81375
14.83125	13.70125	4.66125
6.07375	5.22625	4.37875
4.66125	6.35625	2.96625
6.35625	4.66125	2.96625
5.50875	5.79125	0.42375
7.48625	4.09625	3.53125
4.09625	7.48625	3.53125
13.98375	15.11375	2.96625
12.00625	15.67875	4.94375
11.44125	15.96125	4.66125
6.35625	4.94375	4.37875
15.67875	12.57125	4.37875
14.54875	14.26625	4.37875
14.54875	14.54875	3.53125
15.11375	13.98375	1.83625
4.94375	6.07375	1.27125
13.41875	15.11375	4.66125
15.39625	13.41875	3.81375
14.26625	14.83125	3.53125
15.67875	13.13625	3.24875
4.37875	6.92125	3.81375
13.70125	15.39625	2.40125
6.35625	4.66125	3.53125
15.96125	11.15875	4.94375
5.50875	5.50875	4.09625
5.22625	5.50875	2.68375
13.70125	15.39625	2.96625
14.26625	14.83125	1.27125
15.11375	13.98375	3.53125
13.98375	15.11375	3.53125
4.37875	6.63875	2.96625
7.20375	4.09625	3.24875
12.85375	15.39625	4.94375
13.70125	15.39625	1.83625
15.39625	13.70125	1.83625
8.05125	4.09625	4.66125
4.09625	7.76875	4.37875
7.76875	4.09625	4.37875
6.07375	4.94375	4.09625
4.94375	6.07375	4.09625
5.79125	5.22625	0.70625
7.48625	4.09625	4.09625
4.94375	5.79125	3.24875
5.79125	4.94375	3.24875
5.50875	5.22625	1.55375
5.50875	5.79125	4.94375
5.79125	5.50875	4.94375
4.66125	6.07375	2.11875
6.07375	4.66125	2.11875
15.67875	13.41875	2.96625
5.79125	4.94375	1.55375
4.94375	5.79125	1.55375
6.35625	4.66125	4.09625
4.66125	6.35625	4.09625
14.26625	15.11375	2.68375
4.09625	7.20375	3.81375
7.20375	4.09625	3.81375
15.11375	14.26625	2.11875
4.09625	6.92125	2.96625
6.92125	4.37875	4.37875
5.22625	5.50875	3.81375
5.50875	5.22625	3.81375
12.57125	15.67875	4.94375
6.35625	4.37875	2.68375
14.83125	14.54875	1.55375
15.67875	13.41875	3.53125
13.98375	15.39625	2.68375
14.26625	15.11375	1.55375
13.70125	15.39625	4.09625
4.09625	6.92125	3.53125
12.85375	15.96125	3.81375
5.22625	5.22625	2.96625
3.81375	7.76875	4.09625
13.98375	15.39625	1.55375
14.54875	14.54875	4.66125
5.79125	4.66125	2.96625
4.66125	5.79125	2.96625
13.13625	15.96125	3.53125
13.41875	15.67875	4.09625
16.24375	12.00625	4.37875
14.26625	15.11375	0.98875
4.66125	5.79125	1.83625
6.63875	4.09625	3.24875
12.28875	15.96125	4.94375
13.41875	15.39625	4.94375
5.50875	4.94375	3.53125
12.57125	15.96125	4.66125
4.09625	6.92125	4.09625
4.37875	6.07375	2.40125
11.44125	16.24375	4.94375
14.54875	15.11375	2.96625
5.22625	5.22625	1.27125
14.83125	14.83125	1.83625
6.07375	4.37875	2.96625
5.22625	5.50875	0.42375
14.54875	15.11375	1.83625
16.24375	12.57125	3.81375
12.57125	16.24375	3.81375
4.66125	6.07375	4.37875
15.39625	14.26625	2.96625
14.26625	15.39625	2.96625
14.83125	14.54875	4.37875
6.63875	4.37875	4.66125
14.83125	14.83125	3.53125
14.26625	15.39625	1.83625
15.96125	13.41875	3.24875
6.63875	4.09625	3.81375
13.13625	15.67875	4.94375
4.37875	6.07375	3.53125
6.07375	4.37875	3.53125
7.48625	3.81375	4.37875
14.83125	14.83125	1.27125
3.81375	6.92125	3.24875
13.98375	15.67875	2.96625
15.67875	13.98375	2.96625
14.26625	15.39625	3.53125
6.35625	4.37875	4.37875
5.22625	4.94375	2.11875
13.98375	15.39625	4.37875
7.20375	4.09625	4.94375
4.66125	5.50875	2.11875
5.50875	4.66125	2.11875
5.22625	4.94375	3.24875
15.96125	13.41875	3.81375
5.50875	4.94375	0.70625
4.94375	5.50875	0.70625
4.09625	6.92125	4.66125
16.24375	12.57125	4.37875
6.35625	4.09625	3.53125
4.66125	5.50875	3.24875
5.22625	4.94375	1.55375
4.37875	5.79125	2.68375
16.24375	13.13625	3.24875
15.11375	14.54875	4.09625
3.81375	6.92125	3.81375
6.92125	3.81375	3.81375
15.67875	13.70125	4.37875
14.83125	15.11375	2.68375
15.11375	14.83125	2.68375
5.50875	4.66125	1.55375
15.11375	14.83125	2.11875
4.09625	6.63875	4.37875
6.63875	4.09625	4.37875
14.54875	15.39625	2.68375
15.39625	14.54875	2.68375
14.26625	15.39625	4.09625
4.37875	5.79125	3.24875
4.66125	6.07375	4.94375
15.39625	14.54875	2.11875
15.96125	13.13625	4.66125
14.83125	15.11375	3.24875
14.54875	15.11375	0.70625
4.37875	5.79125	1.55375
15.96125	13.70125	3.53125
3.53125	8.05125	4.66125
15.11375	14.26625	4.94375
7.76875	3.53125	4.37875
15.39625	14.54875	3.24875
14.83125	15.11375	1.55375
5.50875	4.66125	3.81375
8.33375	3.53125	4.94375
15.67875	14.26625	2.11875
5.22625	4.94375	0.98875
4.94375	5.22625	0.98875
15.39625	14.54875	1.55375
13.41875	15.96125	4.37875
7.20375	3.81375	4.66125
4.09625	6.07375	3.24875
4.37875	6.35625	4.94375
4.37875	5.79125	3.81375
5.79125	4.37875	3.81375
4.94375	4.94375	2.40125
4.66125	5.22625	2.40125
14.26625	15.67875	1.55375
14.83125	14.83125	4.66125
15.96125	13.98375	2.68375
13.98375	15.96125	2.68375
15.39625	14.54875	3.81375
6.35625	3.81375	2.68375
6.07375	4.37875	4.66125
5.22625	4.66125	1.83625
13.41875	16.24375	3.53125
15.11375	14.83125	0.98875
12.85375	16.24375	4.66125
5.22625	4.94375	4.37875
15.96125	13.98375	3.24875
3.81375	6.35625	3.24875
4.09625	6.63875	4.94375
4.66125	5.50875	4.37875
16.24375	13.13625	4.37875
5.22625	4.66125	3.53125
4.66125	5.22625	3.53125
3.53125	6.92125	3.53125
12.85375	16.52625	3.81375
14.83125	15.39625	2.40125
15.39625	14.83125	2.40125
4.09625	5.79125	2.40125
5.79125	4.09625	2.40125
13.70125	16.24375	2.68375
5.79125	4.09625	2.96625
13.98375	15.67875	4.66125
7.76875	3.53125	4.94375
3.53125	7.76875	4.94375
6.35625	4.09625	4.66125
5.50875	4.37875	3.53125
4.37875	5.79125	4.37875
15.67875	14.54875	2.40125
5.79125	4.09625	1.83625
4.09625	5.79125	1.83625
14.54875	15.67875	2.96625
15.67875	14.54875	2.96625
16.24375	13.41875	4.09625
13.70125	16.24375	3.24875
3.81375	6.35625	3.81375
15.39625	14.54875	4.37875
14.54875	15.67875	1.83625
6.07375	3.81375	2.40125
3.81375	6.07375	2.40125
6.92125	3.81375	4.94375
14.83125	15.11375	0.42375
16.52625	12.28875	4.94375
4.66125	5.22625	4.09625
6.92125	3.53125	4.09625
15.96125	14.26625	2.96625
14.26625	15.96125	2.96625
14.83125	15.39625	1.27125
14.54875	15.67875	3.53125
14.26625	15.96125	1.83625
15.96125	14.26625	1.83625
4.94375	4.66125	2.11875
6.63875	3.81375	4.66125
12.85375	16.52625	4.37875
4.94375	5.22625	4.94375
13.70125	16.24375	3.81375
5.22625	4.37875	2.68375
5.22625	4.66125	0.70625
5.22625	4.37875	2.11875
4.66125	5.50875	4.94375
6.07375	3.81375	3.53125
14.26625	15.96125	3.53125
15.96125	14.26625	3.53125
15.11375	15.11375	4.09625
6.63875	3.53125	3.81375
3.53125	6.63875	3.81375
16.52625	13.13625	4.09625
5.50875	4.09625	2.68375
4.09625	5.50875	2.68375
16.24375	13.98375	2.96625
3.81375	6.35625	4.37875
5.79125	4.09625	4.09625
7.76875	3.24875	4.66125
3.24875	7.76875	4.66125
4.37875	5.22625	1.55375
4.37875	5.79125	4.94375
5.79125	4.37875	4.94375
16.24375	13.41875	4.66125
3.24875	8.05125	4.94375
8.05125	3.24875	4.94375
15.11375	14.83125	4.94375
7.20375	3.53125	4.94375
15.39625	14.83125	0.70625
14.83125	15.67875	2.11875
4.94375	4.66125	3.81375
4.94375	4.94375	4.66125
15.39625	15.11375	3.24875
16.24375	13.98375	3.53125
5.50875	4.09625	1.55375
5.79125	3.81375	2.11875
14.83125	15.67875	3.24875
6.35625	3.53125	3.53125
3.53125	6.35625	3.53125
13.70125	16.24375	4.37875
3.81375	6.07375	4.09625
6.07375	3.81375	4.09625
14.54875	15.96125	2.68375
12.28875	16.80875	4.66125
14.54875	15.96125	2.11875
14.26625	15.67875	4.94375
5.50875	4.37875	4.66125
15.67875	14.83125	1.55375
14.83125	15.67875	1.55375
16.52625	13.70125	2.96625
3.81375	5.79125	3.24875
4.37875	5.22625	0.98875
6.63875	3.53125	4.37875
12.85375	16.52625	4.94375
16.52625	12.85375	4.94375
5.50875	4.09625	3.81375
15.96125	14.54875	3.24875
14.54875	15.96125	3.24875
15.11375	15.39625	3.81375
4.66125	4.66125	2.40125
12.85375	16.80875	4.09625
16.80875	12.85375	4.09625
13.13625	16.52625	4.66125
16.52625	13.13625	4.66125
14.54875	15.96125	1.55375
14.83125	15.39625	4.66125
15.39625	14.83125	4.66125
16.24375	14.26625	2.68375
14.26625	16.24375	2.68375
4.66125	4.66125	2.96625
4.09625	5.79125	4.66125
13.70125	16.52625	3.53125
16.52625	13.70125	3.53125
4.37875	4.94375	2.96625
4.94375	4.37875	2.96625
13.98375	16.24375	4.09625
3.81375	6.35625	4.94375
15.11375	15.39625	0.98875
15.39625	15.11375	0.98875
4.66125	4.94375	4.37875
5.22625	4.09625	2.40125
3.81375	5.79125	3.81375
14.26625	16.24375	3.24875
3.53125	6.07375	3.24875
6.07375	3.53125	3.24875
14.83125	15.67875	0.98875
15.67875	14.83125	0.98875
4.37875	5.22625	4.37875
16.80875	13.13625	3.81375
13.13625	16.80875	3.81375
6.63875	3.24875	3.53125
15.96125	14.54875	3.81375
14.54875	15.96125	3.81375
7.20375	3.24875	4.66125
5.22625	4.09625	1.83625
4.94375	4.66125	0.42375
5.50875	3.81375	2.40125
15.39625	15.39625	2.96625
15.67875	15.11375	2.96625
15.11375	15.67875	2.96625
16.24375	13.70125	4.94375
15.39625	15.39625	1.83625
4.09625	5.22625	3.53125
15.67875	15.11375	1.83625
15.11375	15.67875	1.83625
13.70125	16.52625	4.09625
14.26625	16.24375	3.81375
12.57125	16.80875	4.94375
16.80875	12.57125	4.94375
3.53125	6.07375	3.81375
16.52625	13.98375	3.24875
15.96125	14.83125	2.96625
13.41875	16.80875	3.53125
14.83125	15.67875	4.37875
15.39625	15.39625	3.53125
14.83125	15.96125	1.83625
6.63875	3.24875	4.09625
15.11375	15.67875	3.53125
15.67875	15.11375	3.53125
5.50875	3.81375	3.53125
5.79125	3.81375	4.37875
14.54875	16.24375	2.40125
15.39625	15.39625	1.27125
3.53125	6.35625	4.66125
14.83125	15.96125	3.53125
15.96125	14.83125	3.53125
4.37875	4.66125	2.68375
16.52625	13.98375	3.81375
4.09625	5.22625	4.09625
14.83125	15.96125	1.27125
7.76875	2.96625	4.94375
4.09625	4.94375	2.68375
4.09625	4.94375	2.11875
4.94375	4.09625	2.11875
3.24875	6.35625	3.81375
13.41875	16.80875	4.09625
4.37875	4.66125	3.24875
14.26625	16.52625	2.40125
15.11375	15.67875	4.09625
13.70125	16.52625	4.66125
4.09625	4.94375	3.24875
4.94375	4.09625	3.24875
5.50875	4.09625	4.94375
6.92125	3.24875	4.94375
3.24875	6.92125	4.94375
5.22625	3.81375	2.68375
3.81375	5.22625	2.68375
6.07375	3.24875	2.96625
15.11375	15.39625	4.94375
15.39625	15.11375	4.94375
15.39625	15.67875	2.68375
12.28875	17.09125	4.94375
14.83125	15.67875	4.94375
12.57125	17.09125	4.66125
3.81375	5.22625	3.24875
4.66125	4.66125	4.66125
15.11375	15.96125	2.68375
15.96125	15.11375	2.11875
15.11375	15.96125	2.11875
4.94375	4.37875	4.66125
15.39625	15.67875	3.24875
15.67875	15.39625	3.24875
3.81375	5.22625	1.55375
12.85375	17.09125	4.37875
6.07375	3.24875	3.53125
5.79125	3.53125	4.09625
4.94375	4.09625	3.81375
16.24375	14.83125	2.68375
14.83125	16.24375	2.68375
4.37875	4.66125	0.98875
6.35625	3.24875	4.37875
13.98375	16.80875	2.96625
5.50875	3.53125	3.24875
15.11375	15.96125	1.55375
16.80875	13.41875	4.66125
14.83125	16.24375	3.24875
3.81375	5.50875	4.66125
3.53125	6.07375	4.94375
6.07375	3.53125	4.94375
13.98375	16.80875	3.53125
16.52625	14.54875	2.68375
14.54875	16.52625	2.11875
14.83125	15.96125	4.66125
13.70125	16.80875	4.37875
4.66125	4.37875	4.37875
15.67875	15.39625	0.98875
13.41875	17.09125	3.81375
4.66125	4.09625	1.83625
16.52625	14.54875	3.24875
4.94375	3.81375	2.40125
3.24875	5.79125	3.24875
14.83125	16.24375	3.81375
4.94375	3.81375	2.96625
4.94375	3.81375	1.83625
3.81375	4.94375	1.83625
16.24375	14.54875	4.66125
12.85375	17.09125	4.94375
17.09125	12.85375	4.94375
4.37875	4.66125	0.42375
4.66125	4.09625	3.53125
4.09625	4.66125	3.53125
16.52625	13.98375	4.94375
15.67875	15.67875	2.40125
3.81375	5.22625	4.37875
16.80875	14.26625	2.68375
3.53125	5.22625	2.40125
15.96125	15.39625	2.40125
4.37875	4.37875	1.27125
13.13625	17.09125	4.66125
15.67875	15.39625	4.37875
3.81375	4.94375	3.53125
16.52625	14.54875	3.81375
17.09125	13.70125	3.53125
3.53125	5.22625	1.83625
14.26625	16.80875	3.24875
15.96125	15.11375	4.37875
4.94375	3.81375	1.27125
15.11375	16.24375	1.83625
15.67875	15.39625	0.42375
15.39625	15.96125	3.53125
14.83125	16.52625	2.40125
16.52625	14.83125	2.40125
3.24875	5.50875	2.96625
16.24375	15.11375	3.53125
14.83125	16.52625	1.83625
16.52625	14.83125	1.83625
4.94375	3.81375	4.09625
2.68375	6.92125	4.37875
4.09625	4.66125	0.70625
4.66125	4.09625	0.70625
4.37875	4.09625	2.11875
4.09625	4.37875	2.11875
2.96625	6.07375	3.81375
17.09125	13.98375	3.24875
4.66125	3.81375	2.68375
14.54875	16.52625	4.37875
4.66125	3.81375	2.11875
17.37375	12.57125	4.94375
4.37875	4.09625	3.24875
3.81375	5.22625	4.94375
14.54875	16.80875	2.40125
16.80875	14.54875	2.40125
15.96125	15.39625	4.09625
3.81375	4.66125	3.24875
4.66125	3.81375	3.24875
2.68375	6.63875	4.09625
15.11375	16.24375	4.09625
15.67875	15.67875	0.70625
4.37875	4.37875	4.66125
15.67875	15.96125	2.11875
3.53125	5.50875	4.94375
15.39625	16.24375	2.11875
2.96625	5.79125	3.53125
5.50875	3.24875	4.09625
5.22625	3.24875	2.68375
16.52625	14.83125	4.09625
3.81375	4.94375	4.66125
5.22625	3.24875	2.11875
17.37375	13.41875	4.09625
13.41875	17.37375	4.09625
17.09125	13.70125	4.66125
13.70125	17.09125	4.66125
16.24375	15.39625	3.24875
15.67875	15.96125	1.55375
16.52625	15.11375	2.68375
15.11375	16.52625	2.11875
5.22625	3.24875	3.24875
16.24375	15.39625	1.55375
3.81375	4.66125	0.98875
4.66125	3.81375	0.98875
3.24875	5.79125	4.94375
15.11375	16.52625	3.24875
17.09125	14.26625	3.53125
17.09125	13.98375	4.37875
4.09625	4.09625	2.40125
5.79125	2.96625	4.09625
17.37375	13.70125	3.81375
16.80875	14.83125	2.11875
14.83125	16.80875	2.11875
4.37875	3.81375	2.40125
15.67875	15.96125	0.98875
5.22625	3.24875	3.81375
13.13625	17.37375	4.94375
5.50875	2.96625	3.24875
2.96625	5.50875	3.24875
3.53125	4.66125	2.40125
3.24875	5.50875	4.66125
16.52625	15.11375	3.81375
16.80875	14.26625	4.94375
14.83125	16.52625	4.66125
4.37875	4.09625	0.42375
4.66125	3.53125	1.83625
3.53125	4.66125	1.83625
15.96125	15.96125	2.40125
16.24375	15.67875	2.40125
15.67875	16.24375	2.40125
15.96125	15.67875	4.37875
3.24875	4.94375	2.96625
3.81375	4.37875	1.27125
3.53125	4.66125	3.53125
14.54875	17.09125	3.24875
4.94375	3.24875	1.83625
3.24875	4.94375	1.83625
16.52625	15.39625	2.40125
2.68375	5.79125	3.24875
4.66125	3.53125	1.27125
3.53125	4.66125	1.27125
3.24875	5.22625	4.37875
15.96125	15.67875	0.42375
13.98375	17.09125	4.94375
15.96125	15.96125	3.53125
16.52625	15.39625	1.83625
3.24875	4.94375	3.53125
2.96625	5.22625	2.96625
16.80875	15.11375	2.40125
15.96125	15.96125	1.27125
17.65625	12.85375	4.94375
12.85375	17.65625	4.94375
16.24375	15.67875	1.27125
15.67875	16.24375	1.27125
3.81375	4.66125	4.94375
6.35625	2.68375	4.94375
3.81375	4.37875	0.70625
17.65625	13.13625	4.66125
3.81375	4.09625	2.68375
2.96625	5.22625	3.53125
5.22625	2.96625	3.53125
3.53125	4.94375	4.94375
3.53125	4.37875	2.68375
16.80875	15.11375	3.53125
6.07375	2.68375	4.66125
14.83125	17.09125	2.40125
17.09125	14.83125	2.40125
3.81375	4.09625	3.24875
13.41875	17.65625	4.37875
17.65625	13.41875	4.37875
4.37875	3.53125	3.24875
3.53125	4.37875	3.24875
15.96125	15.96125	0.70625
15.67875	16.24375	0.70625
15.96125	16.24375	2.11875
15.11375	16.52625	4.94375
2.68375	5.50875	3.53125
5.22625	2.96625	4.09625
2.96625	5.22625	4.09625
13.70125	17.65625	4.09625
13.98375	17.37375	4.66125
4.66125	3.53125	4.66125
3.53125	4.37875	3.81375
2.96625	4.94375	2.11875
4.09625	4.09625	0.14125
17.37375	14.54875	2.96625
14.54875	17.37375	2.96625
3.81375	4.09625	0.98875
15.96125	16.24375	1.55375
16.80875	15.39625	2.68375
14.83125	16.80875	4.94375
16.80875	14.83125	4.94375
15.67875	16.52625	1.55375
16.52625	15.67875	1.55375
3.24875	4.66125	3.81375
16.80875	15.39625	3.24875
15.39625	16.80875	3.24875
17.37375	14.26625	4.37875
17.65625	13.98375	3.81375
13.98375	17.65625	3.81375
16.24375	15.96125	3.81375
5.22625	2.68375	2.68375
15.39625	16.52625	4.66125
3.81375	3.81375	2.40125
16.52625	15.67875	3.81375
15.96125	15.96125	0.14125
4.09625	3.81375	4.37875
2.96625	4.94375	3.81375
4.94375	2.96625	3.81375
15.96125	16.24375	0.98875
3.53125	4.09625	2.96625
5.22625	2.96625	4.66125
17.65625	13.70125	4.66125
13.70125	17.65625	4.66125
17.09125	15.11375	3.24875
3.53125	4.09625	1.83625
16.80875	15.11375	4.66125
3.24875	4.37875	2.40125
4.37875	3.24875	2.40125
4.37875	3.24875	2.96625
6.92125	2.11875	4.94375
14.54875	17.37375	4.09625
3.24875	4.66125	4.37875
3.24875	4.37875	1.83625
14.83125	17.37375	2.68375
4.09625	3.53125	3.53125
3.53125	4.09625	3.53125
16.24375	16.24375	2.40125
17.65625	13.98375	4.37875
2.68375	5.22625	3.81375
16.24375	15.96125	4.37875
2.11875	6.63875	4.66125
6.63875	2.11875	4.66125
15.96125	16.52625	2.40125
15.11375	17.09125	3.81375
2.96625	4.66125	2.96625
4.66125	2.96625	2.96625
15.96125	16.52625	2.96625
16.52625	15.96125	2.96625
16.52625	15.67875	4.37875
2.68375	5.50875	4.66125
16.24375	16.24375	1.83625
5.50875	2.40125	3.24875
14.26625	17.37375	4.94375
17.37375	14.26625	4.94375
16.52625	15.96125	1.83625
4.94375	2.96625	4.37875
2.96625	4.94375	4.37875
16.80875	15.67875	2.96625
17.93875	13.13625	4.94375
16.80875	15.39625	4.37875
16.24375	16.24375	3.53125
3.81375	3.81375	4.09625
4.94375	2.68375	2.40125
4.94375	2.68375	2.96625
13.41875	17.93875	4.66125
16.24375	16.24375	1.27125
15.39625	17.09125	2.96625
17.09125	15.39625	2.96625
16.52625	15.96125	1.27125
4.37875	3.24875	4.09625
17.37375	14.54875	4.66125
3.81375	3.81375	0.70625
2.68375	5.22625	4.37875
17.09125	15.11375	4.37875
3.24875	4.66125	4.94375
15.67875	16.80875	1.27125
3.81375	3.53125	2.68375
17.93875	13.70125	4.37875
17.65625	13.98375	4.94375
15.39625	17.09125	3.53125
17.09125	15.39625	3.53125
15.96125	16.24375	4.94375
2.96625	4.66125	4.09625
17.37375	15.11375	2.40125
3.81375	3.53125	3.24875
16.52625	15.96125	4.09625
2.40125	5.22625	2.96625
16.52625	15.67875	4.94375
16.80875	15.67875	4.09625
16.24375	16.24375	0.70625
14.83125	17.37375	4.37875
15.96125	16.52625	0.70625
2.11875	6.35625	4.94375
6.35625	2.11875	4.94375
13.98375	17.93875	4.09625
16.80875	15.39625	4.94375
15.39625	16.80875	4.94375
16.24375	16.52625	2.68375
4.94375	2.68375	4.09625
16.24375	16.52625	2.11875
3.53125	3.81375	3.81375
15.96125	16.80875	2.68375
2.96625	4.37875	1.55375
16.80875	15.96125	2.11875
2.68375	4.66125	2.68375
16.24375	16.52625	3.24875
4.66125	2.68375	2.11875
6.07375	2.11875	4.66125
17.09125	15.11375	4.94375
15.11375	17.09125	4.94375
16.24375	16.52625	1.55375
16.52625	16.24375	1.55375
17.09125	15.67875	2.68375
2.68375	4.66125	3.24875
2.96625	4.66125	4.66125
17.93875	13.70125	4.94375
16.80875	15.96125	1.55375
17.65625	14.54875	4.37875
17.93875	14.26625	3.81375
15.11375	17.37375	4.09625
2.40125	5.22625	4.09625
17.09125	15.67875	3.24875
16.52625	16.24375	3.81375
2.40125	4.94375	2.68375
4.94375	2.40125	2.68375
5.50875	2.11875	3.53125
2.11875	5.50875	3.53125
5.79125	2.11875	4.37875
15.67875	17.09125	1.55375
13.98375	17.93875	4.66125
15.39625	17.37375	2.11875
17.37375	15.39625	2.11875
3.53125	3.81375	4.37875
3.81375	3.53125	4.37875
14.83125	17.37375	4.94375
16.52625	16.24375	0.98875
15.39625	17.37375	3.24875
3.81375	3.24875	2.96625
15.39625	17.09125	4.66125
3.81375	3.24875	1.83625
3.81375	3.53125	0.42375
1.83625	6.35625	4.66125
4.37875	2.96625	4.37875
3.53125	3.53125	3.53125
4.09625	2.96625	1.83625
3.24875	3.81375	3.53125
16.52625	16.24375	4.37875
2.68375	4.37875	2.40125
16.52625	16.52625	2.40125
2.40125	5.22625	4.66125
4.37875	2.68375	2.96625
16.24375	16.80875	2.40125
16.80875	16.24375	2.40125
3.81375	3.24875	1.27125
3.24875	3.81375	1.27125
16.80875	15.96125	4.37875
15.96125	16.80875	4.37875
15.96125	17.09125	2.96625
17.09125	15.96125	2.96625
17.09125	15.67875	4.37875
15.67875	17.09125	4.37875
3.53125	3.81375	4.94375
3.81375	3.53125	4.94375
4.37875	2.68375	3.53125
14.54875	17.93875	4.09625
16.24375	16.80875	3.53125
4.66125	2.40125	2.96625
17.65625	15.11375	3.81375
2.11875	5.22625	3.81375
17.65625	14.83125	4.66125
4.94375	2.40125	4.37875
2.40125	4.94375	4.37875
16.24375	16.80875	1.27125
15.96125	17.09125	3.53125
1.83625	5.79125	4.09625
17.93875	14.83125	3.24875
14.83125	17.93875	3.24875
18.22125	13.98375	4.37875
4.37875	2.96625	4.94375
3.24875	3.81375	0.70625
14.26625	17.93875	4.94375
4.66125	2.40125	3.53125
2.40125	4.66125	3.53125
15.67875	17.37375	3.53125
17.37375	15.67875	3.53125
15.39625	17.65625	2.40125
17.65625	15.39625	2.40125
3.81375	2.96625	2.11875
17.65625	15.39625	2.96625
1.83625	6.07375	4.94375
6.07375	1.83625	4.94375
17.65625	15.11375	4.37875
15.11375	17.65625	4.37875
3.53125	3.53125	4.66125
17.09125	15.96125	4.09625
15.67875	17.09125	4.94375
1.83625	5.50875	3.81375
16.24375	16.80875	0.70625
4.66125	2.40125	4.09625
2.40125	4.66125	4.09625
15.39625	17.65625	3.53125
2.68375	4.09625	3.24875
4.09625	2.68375	3.24875
16.52625	16.80875	2.68375
3.53125	3.24875	3.81375
17.37375	15.67875	4.09625
3.53125	3.53125	0.14125
2.68375	4.09625	1.55375
4.09625	2.68375	1.55375
4.94375	2.40125	4.94375
16.24375	17.09125	2.68375
2.40125	4.37875	2.68375
3.81375	2.96625	3.81375
3.53125	3.24875	0.98875
4.37875	2.68375	4.66125
2.68375	4.37875	4.66125
16.24375	17.09125	3.24875
17.09125	16.24375	3.24875
16.52625	16.80875	1.55375
17.93875	14.83125	4.37875
4.37875	2.40125	3.24875
16.80875	16.24375	4.66125
3.81375	2.96625	0.98875
2.96625	3.81375	0.98875
15.96125	17.37375	2.11875
17.37375	15.96125	2.11875
17.09125	16.24375	1.55375
17.65625	15.39625	4.09625
1.83625	5.50875	4.37875
18.22125	14.26625	4.66125
1.83625	5.22625	3.53125
2.11875	4.66125	2.68375
16.52625	16.52625	0.14125
5.22625	2.11875	4.94375
15.67875	17.65625	2.68375
2.40125	4.66125	4.66125
3.53125	3.24875	4.37875
16.24375	17.09125	3.81375
4.37875	2.40125	3.81375
3.24875	3.24875	2.40125
16.80875	16.52625	0.98875
3.81375	2.96625	4.37875
17.37375	15.67875	4.66125
15.67875	17.37375	4.66125
3.53125	2.96625	2.40125
3.53125	2.96625	2.96625
17.93875	15.11375	4.09625
3.53125	3.24875	0.42375
2.68375	3.81375	2.40125
3.81375	2.68375	2.40125
4.09625	2.68375	4.37875
2.68375	4.09625	4.37875
17.93875	15.39625	2.68375
15.39625	17.93875	2.68375
3.24875	3.24875	3.53125
3.81375	2.68375	1.83625
2.11875	4.66125	3.81375
4.94375	2.11875	4.66125
3.53125	2.96625	3.53125
2.96625	3.53125	3.53125
15.39625	17.65625	4.66125
5.79125	1.55375	4.37875
16.80875	16.80875	2.40125
16.24375	17.09125	4.37875
2.96625	3.53125	1.27125
3.53125	2.96625	1.27125
2.40125	4.37875	4.37875
16.52625	17.09125	2.40125
2.40125	4.09625	1.83625
16.80875	16.80875	1.83625
16.80875	16.52625	0.42375
17.09125	16.52625	1.83625
17.37375	16.24375	2.40125
3.24875	3.53125	4.94375
15.96125	17.37375	4.37875
14.83125	18.22125	4.09625
17.37375	16.24375	2.96625
2.40125	4.09625	3.53125
2.11875	4.37875	2.40125
4.37875	2.11875	2.40125
17.37375	16.24375	1.83625
15.11375	17.93875	4.66125
4.94375	1.83625	3.81375
16.52625	17.09125	3.53125
17.09125	16.52625	3.53125
14.26625	18.50375	4.37875
4.66125	2.11875	4.37875
18.22125	14.54875	4.94375
14.54875	18.22125	4.94375
3.81375	2.68375	4.09625
2.68375	4.09625	4.94375
4.09625	2.68375	4.94375
15.67875	17.65625	4.37875
15.96125	17.65625	1.83625
16.80875	16.52625	4.94375
3.24875	2.96625	2.68375
2.40125	4.09625	4.09625
2.96625	3.24875	2.11875
16.80875	16.80875	4.09625
15.67875	17.93875	2.40125
17.93875	15.67875	2.40125
2.40125	4.37875	4.94375
1.83625	4.66125	2.96625
2.68375	3.53125	2.68375
16.52625	17.09125	4.09625
15.11375	18.22125	3.81375
18.22125	15.11375	3.81375
15.67875	17.93875	2.96625
3.53125	2.68375	2.11875
14.54875	18.50375	4.09625
18.22125	14.83125	4.66125
15.39625	17.93875	4.37875
1.55375	5.22625	3.81375
17.37375	15.96125	4.94375
16.24375	17.37375	4.09625
17.37375	16.24375	4.09625
2.68375	3.53125	3.24875
3.53125	2.68375	3.24875
16.80875	16.80875	0.70625
2.96625	3.53125	4.66125
1.55375	5.50875	4.66125
17.93875	15.67875	3.53125
2.68375	3.81375	4.66125
14.26625	18.50375	4.94375
2.40125	3.81375	3.24875
17.65625	15.96125	4.09625
3.24875	2.96625	3.81375
15.67875	17.65625	4.94375
17.37375	16.52625	2.68375
4.09625	2.11875	2.68375
2.68375	3.53125	3.81375
16.52625	17.37375	2.11875
2.11875	4.09625	2.11875
4.09625	2.40125	4.66125
3.24875	2.96625	0.98875
18.50375	14.83125	3.81375
16.80875	16.80875	4.66125
17.37375	16.52625	3.24875
16.52625	17.09125	4.66125
2.68375	3.53125	0.98875
1.55375	5.22625	4.37875
1.83625	4.66125	4.09625
3.81375	2.40125	3.81375
16.24375	17.65625	2.11875
18.22125	15.39625	3.53125
15.39625	18.22125	3.53125
15.67875	17.93875	4.09625
17.37375	16.24375	4.66125
16.24375	17.37375	4.66125
15.39625	17.93875	4.94375
16.24375	17.65625	3.24875
1.83625	4.94375	4.94375
4.37875	2.11875	4.66125
17.65625	16.24375	1.55375
1.27125	5.79125	4.66125
2.96625	3.24875	4.37875
17.37375	16.52625	3.81375
16.52625	17.37375	3.81375
4.37875	1.83625	3.24875
17.65625	15.96125	4.66125
13.98375	18.78625	4.94375
18.78625	13.98375	4.94375
15.96125	17.93875	3.24875
18.22125	15.39625	4.09625
3.24875	2.68375	2.96625
16.24375	17.65625	3.81375
3.24875	2.96625	0.42375
2.96625	2.96625	1.83625
4.94375	1.55375	4.09625
2.40125	3.81375	4.37875
2.40125	3.53125	2.96625
18.22125	15.67875	2.68375
1.27125	5.50875	4.37875
5.50875	1.27125	4.37875
2.96625	2.96625	3.53125
2.40125	3.53125	1.83625
14.26625	18.78625	4.66125
1.55375	5.22625	4.94375
2.68375	3.24875	3.53125
15.96125	17.93875	3.81375
17.93875	15.96125	3.81375
2.11875	3.81375	2.40125
18.22125	15.67875	3.24875
2.96625	2.96625	1.27125
17.37375	16.52625	4.37875
3.24875	2.68375	1.27125
16.80875	17.37375	2.40125
3.81375	2.11875	1.83625
2.11875	3.81375	1.83625
17.37375	16.80875	2.96625
16.24375	17.65625	4.37875
17.65625	16.52625	2.40125
18.22125	15.39625	4.66125
18.78625	14.54875	4.37875
16.52625	17.65625	2.96625
1.83625	4.09625	2.40125
18.22125	15.67875	3.81375
17.09125	17.09125	3.53125
16.52625	17.65625	1.83625
17.65625	16.52625	1.83625
3.24875	2.68375	4.09625
4.09625	1.83625	2.96625
18.50375	15.39625	3.24875
16.24375	17.93875	2.40125
17.37375	16.80875	1.27125
16.52625	17.65625	3.53125
3.24875	2.68375	0.70625
1.27125	5.50875	4.94375
17.93875	16.24375	1.83625
1.83625	4.09625	3.53125
16.52625	17.65625	1.27125
17.37375	16.52625	4.94375
16.52625	17.37375	4.94375
4.09625	2.11875	4.94375
2.96625	2.68375	2.68375
16.24375	17.93875	3.53125
15.96125	18.22125	2.40125
1.55375	4.37875	2.96625
17.37375	16.80875	4.09625
3.24875	2.40125	2.68375
3.24875	2.40125	2.11875
2.40125	3.24875	2.11875
4.94375	1.27125	3.81375
2.96625	2.68375	3.24875
2.68375	2.96625	3.24875
5.22625	1.27125	4.66125
17.65625	16.52625	4.09625
16.52625	17.65625	4.09625
14.54875	18.78625	4.94375
2.68375	2.96625	1.55375
2.11875	3.53125	2.68375
3.53125	2.11875	2.68375
1.83625	4.09625	4.09625
2.11875	3.53125	2.11875
3.53125	2.11875	2.11875
15.96125	18.22125	3.53125
2.40125	3.24875	1.55375
4.37875	1.83625	4.94375
3.53125	2.40125	4.66125
17.93875	15.96125	4.94375
17.93875	16.24375	4.09625
18.50375	15.39625	4.37875
17.65625	16.80875	2.68375
16.80875	17.65625	2.68375
2.11875	3.81375	4.66125
1.83625	3.81375	2.11875
3.81375	1.83625	2.11875
17.65625	16.80875	2.11875
2.68375	2.96625	0.98875
1.27125	4.94375	4.37875
1.55375	4.37875	4.09625
16.80875	17.65625	3.24875
17.09125	17.37375	1.55375
3.24875	2.40125	0.98875
16.52625	17.93875	2.68375
4.66125	1.27125	3.53125
17.93875	16.52625	2.11875
18.22125	15.67875	4.94375
4.66125	1.55375	4.94375
16.80875	17.65625	1.55375
17.65625	16.52625	4.66125
16.52625	17.65625	4.66125
5.50875	0.98875	4.66125
1.83625	4.09625	4.66125
4.09625	1.55375	2.68375
17.09125	17.37375	3.81375
17.37375	17.09125	3.81375
2.96625	2.68375	4.37875
17.65625	16.80875	3.81375
15.11375	18.78625	4.37875
2.68375	2.68375	2.40125
18.50375	15.67875	4.09625
18.22125	16.24375	3.24875
2.96625	2.40125	2.40125
2.96625	2.68375	0.42375
16.52625	17.93875	3.81375
2.11875	3.53125	4.37875
2.68375	2.68375	1.83625
19.06875	14.54875	4.66125
1.55375	4.37875	4.66125
4.94375	1.27125	4.94375
18.50375	15.96125	2.68375
3.24875	2.11875	2.96625
4.09625	1.55375	3.81375
17.37375	17.09125	4.37875
16.24375	18.22125	3.81375
4.37875	1.27125	3.24875
15.96125	18.50375	3.24875
18.50375	15.96125	3.24875
16.80875	17.65625	4.37875
2.68375	2.68375	1.27125
17.09125	17.65625	2.40125
17.37375	17.37375	2.96625
2.68375	2.96625	4.94375
19.06875	14.83125	4.37875
17.09125	17.65625	2.96625
18.50375	15.67875	4.66125
4.94375	0.98875	4.09625
17.65625	17.09125	1.83625
4.66125	1.27125	4.66125
1.27125	4.37875	3.81375
4.37875	1.27125	3.81375
1.83625	3.53125	3.53125
2.68375	2.68375	4.09625
1.55375	4.09625	4.37875
17.93875	16.80875	1.83625
3.81375	1.55375	2.96625
1.55375	3.81375	2.96625
3.53125	2.11875	4.94375
0.98875	5.22625	4.94375
16.52625	18.22125	2.40125
17.09125	17.65625	1.27125
2.40125	2.96625	0.70625
2.96625	2.40125	0.70625
16.52625	18.22125	1.83625
17.93875	16.80875	1.27125
15.67875	18.78625	3.81375
2.40125	2.68375	2.68375
15.96125	18.50375	4.37875
2.40125	2.68375	2.11875
0.98875	4.94375	4.66125
17.65625	17.09125	4.09625
18.50375	16.24375	2.96625
2.96625	2.11875	2.68375
2.68375	2.68375	4.66125
2.68375	2.40125	3.24875
2.40125	2.68375	3.24875
2.96625	2.40125	4.66125
4.09625	1.27125	3.53125
17.65625	17.09125	0.70625
2.96625	2.11875	3.24875
1.55375	3.81375	4.09625
3.81375	1.55375	4.09625
2.40125	2.68375	1.55375
1.55375	4.09625	4.94375
4.09625	1.55375	4.94375
1.83625	3.24875	2.68375
3.24875	1.83625	2.11875
0.70625	5.50875	4.94375
16.52625	18.22125	4.09625
3.24875	1.83625	3.24875
15.96125	18.78625	2.96625
18.78625	15.67875	4.37875
19.06875	15.11375	4.66125
3.24875	1.83625	1.55375
1.83625	3.24875	1.55375
17.37375	17.65625	2.11875
4.66125	0.98875	4.37875
2.96625	2.11875	3.81375
2.11875	2.96625	3.81375
1.55375	3.53125	2.11875
17.37375	17.65625	3.24875
2.68375	2.40125	0.98875
17.09125	17.65625	4.66125
4.09625	1.27125	4.09625
1.27125	4.37875	4.94375
15.96125	18.78625	3.53125
0.70625	5.22625	4.66125
16.24375	18.50375	4.09625
4.37875	0.98875	3.53125
17.93875	17.09125	3.24875
17.09125	17.93875	3.24875
18.22125	16.80875	2.68375
16.80875	18.22125	2.68375
16.80875	17.93875	4.66125
18.22125	16.80875	2.11875
14.54875	19.35125	4.94375
17.09125	17.93875	1.55375
17.93875	17.09125	1.55375
1.55375	3.81375	4.66125
3.81375	1.55375	4.66125
1.27125	3.81375	2.68375
16.80875	18.22125	3.24875
17.37375	17.65625	3.81375
16.80875	18.22125	1.55375
18.22125	16.80875	1.55375
16.52625	18.22125	4.66125
15.39625	19.06875	4.37875
18.50375	16.52625	2.68375
1.27125	3.81375	3.24875
3.81375	1.27125	3.24875
17.09125	17.93875	3.81375
15.96125	18.78625	4.09625
18.78625	15.67875	4.94375
14.83125	19.35125	4.66125
18.50375	16.52625	3.24875
0.70625	4.94375	4.37875
2.40125	2.68375	0.42375
17.93875	17.09125	0.98875
4.66125	0.98875	4.94375
2.40125	2.40125	2.96625
3.24875	1.83625	4.37875
2.68375	2.11875	2.96625
2.11875	2.68375	1.83625
2.68375	2.11875	1.83625
17.37375	17.65625	4.37875
4.09625	0.98875	3.24875
16.52625	18.50375	3.81375
3.53125	1.55375	4.37875
16.24375	18.78625	3.24875
2.40125	2.40125	1.27125
3.24875	1.55375	2.96625
1.55375	3.24875	2.96625
2.11875	2.68375	1.27125
2.68375	2.11875	1.27125
19.06875	15.39625	4.94375
15.39625	19.06875	4.94375
3.24875	1.55375	1.83625
1.55375	3.24875	1.83625
17.37375	17.93875	2.40125
17.93875	17.37375	2.40125
4.37875	0.98875	4.66125
0.98875	4.37875	4.66125
0.98875	4.09625	3.81375
3.24875	1.55375	3.53125
1.27125	3.53125	2.40125
3.53125	1.27125	2.96625
18.22125	17.09125	1.83625
17.09125	18.22125	1.83625
15.96125	19.06875	3.24875
19.06875	15.96125	3.24875
17.93875	17.37375	3.53125
2.96625	1.83625	4.09625
1.83625	2.96625	4.09625
17.65625	17.65625	1.27125
2.68375	2.11875	0.70625
16.80875	18.50375	2.96625
18.22125	17.09125	3.53125
16.80875	18.50375	1.83625
1.55375	3.53125	4.94375
17.93875	17.09125	4.94375
18.22125	17.09125	1.27125
15.96125	19.06875	3.81375
4.66125	0.70625	4.66125
19.35125	15.11375	4.94375
3.81375	0.98875	2.96625
0.70625	4.37875	3.81375
18.78625	16.24375	4.37875
18.50375	16.80875	3.53125
17.65625	17.65625	4.09625
2.11875	2.40125	2.68375
2.40125	2.11875	2.68375
16.52625	18.78625	2.96625
2.68375	2.11875	4.66125
2.68375	1.83625	2.11875
2.11875	2.40125	3.24875
18.22125	17.09125	4.09625
17.09125	18.22125	4.09625
17.65625	17.65625	0.70625
3.53125	1.27125	4.09625
17.37375	17.93875	0.70625
2.40125	2.11875	1.55375
1.83625	2.96625	4.66125
1.55375	2.96625	2.68375
16.52625	18.50375	4.94375
2.96625	1.55375	2.11875
2.40125	2.40125	0.14125
1.83625	2.68375	1.55375
15.96125	19.06875	4.37875
4.37875	0.70625	4.37875
1.55375	3.24875	4.66125
3.24875	1.55375	4.66125
1.55375	2.96625	1.55375
1.83625	2.68375	3.81375
0.42375	4.94375	4.66125
17.37375	18.22125	2.68375
0.98875	3.81375	4.09625
4.09625	0.98875	4.94375
17.93875	17.37375	4.66125
17.37375	17.93875	4.66125
17.37375	18.22125	2.11875
14.83125	19.63375	4.94375
16.24375	18.78625	4.94375
19.06875	16.24375	3.53125
1.27125	3.24875	3.24875
3.24875	1.27125	3.24875
16.52625	18.78625	4.09625
17.37375	18.22125	3.24875
17.09125	18.50375	2.68375
1.27125	3.53125	4.66125
17.09125	18.50375	2.11875
18.22125	17.37375	1.55375
0.98875	3.53125	2.68375
3.53125	0.98875	2.68375
18.50375	17.09125	3.24875
17.09125	18.50375	3.24875
19.35125	15.67875	4.37875
17.93875	17.65625	3.81375
17.65625	17.93875	3.81375
2.40125	2.11875	4.37875
3.24875	1.27125	3.81375
1.27125	3.24875	3.81375
18.22125	17.37375	3.81375
17.37375	18.22125	3.81375
18.78625	16.80875	2.11875
15.96125	19.06875	4.94375
4.09625	0.70625	4.09625
0.70625	4.09625	4.09625
17.65625	17.93875	0.98875
4.37875	0.70625	4.94375
3.81375	0.98875	4.66125
2.11875	2.40125	0.42375
1.83625	2.40125	2.40125
2.11875	2.11875	2.96625
18.78625	16.52625	4.66125
16.52625	18.78625	4.66125
3.53125	0.98875	3.81375
1.27125	3.24875	4.37875
1.83625	2.40125	3.53125
18.22125	17.37375	4.37875
15.67875	19.35125	4.94375
1.27125	2.96625	2.40125
4.09625	0.70625	4.66125
0.70625	4.09625	4.66125
17.93875	17.93875	2.40125
2.96625	1.27125	1.83625
1.27125	2.96625	1.83625
1.55375	2.68375	1.27125
2.68375	1.55375	1.27125
17.65625	18.22125	2.96625
17.93875	17.93875	1.83625
18.50375	17.37375	2.40125
17.37375	18.50375	2.96625
18.50375	17.37375	2.96625
2.40125	1.83625	4.09625
1.83625	2.40125	4.09625
16.24375	19.35125	3.24875
2.68375	1.55375	4.09625
17.09125	18.78625	2.40125
19.63375	15.67875	4.09625
15.67875	19.63375	4.09625
17.09125	18.78625	2.96625
17.37375	18.50375	3.53125
3.24875	0.98875	3.53125
15.39625	19.63375	4.94375
17.09125	18.78625	1.83625
19.35125	16.24375	3.81375
16.24375	19.35125	3.81375
4.09625	0.42375	3.81375
3.53125	0.70625	2.96625
17.09125	18.78625	3.53125
17.65625	18.22125	4.09625
18.22125	17.65625	4.09625
2.11875	1.83625	2.68375
1.83625	2.11875	2.68375
16.80875	19.06875	2.96625
2.40125	1.55375	2.68375
3.53125	0.70625	3.53125
1.83625	2.11875	3.24875
2.11875	1.83625	3.24875
17.65625	18.22125	0.70625
18.78625	16.80875	4.94375
2.11875	1.83625	1.55375
19.06875	16.80875	3.53125
15.67875	19.63375	4.66125
2.11875	2.11875	0.14125
2.68375	1.27125	2.11875
1.55375	2.40125	1.55375
19.63375	15.96125	3.81375
15.96125	19.63375	3.81375
16.52625	19.35125	2.96625
19.35125	16.52625	2.96625
0.14125	4.66125	4.66125
2.11875	1.83625	3.81375
1.83625	2.11875	3.81375
1.27125	2.68375	1.55375
18.22125	17.93875	2.68375
18.22125	17.93875	2.11875
0.70625	3.53125	4.09625
17.65625	18.50375	2.68375
3.81375	0.42375	3.53125
17.65625	18.50375	2.11875
2.96625	0.98875	3.24875
18.50375	17.37375	4.66125
17.37375	18.50375	4.66125
18.50375	17.65625	3.24875
18.22125	17.93875	1.55375
17.93875	17.93875	0.14125
18.50375	17.65625	1.55375
3.24875	0.70625	2.68375
0.70625	3.24875	2.68375
17.37375	18.78625	3.24875
18.22125	17.93875	3.81375
19.35125	16.24375	4.94375
18.78625	17.37375	1.55375
17.37375	18.78625	1.55375
0.70625	3.24875	3.24875
3.24875	0.70625	3.24875
3.81375	0.42375	4.09625
16.52625	19.35125	4.09625
18.22125	17.93875	0.98875
17.65625	18.50375	0.98875
16.80875	19.06875	4.66125
17.37375	18.78625	3.81375
2.11875	1.55375	2.40125
2.11875	1.55375	2.96625
1.55375	2.11875	2.96625
3.24875	0.70625	3.81375
19.35125	16.80875	2.68375
0.42375	3.53125	3.24875
17.93875	18.22125	4.37875
19.06875	17.09125	3.81375
19.63375	15.96125	4.94375
16.24375	19.63375	4.09625
16.80875	19.35125	3.24875
1.27125	2.40125	1.83625
1.55375	2.11875	3.53125
1.83625	1.83625	1.27125
17.37375	18.78625	4.37875
18.22125	18.22125	2.96625
18.78625	17.65625	2.40125
0.70625	2.96625	2.40125
19.63375	16.52625	3.24875
18.22125	18.22125	3.53125
17.93875	18.50375	3.53125
15.96125	19.91625	4.09625
19.63375	16.24375	4.66125
18.22125	17.93875	4.94375
2.11875	1.55375	0.70625
17.65625	18.78625	3.53125
17.65625	18.50375	4.94375
2.96625	0.70625	3.53125
16.80875	19.35125	4.37875
19.35125	16.80875	4.37875
3.24875	0.42375	2.96625
0.42375	3.24875	2.96625
18.22125	18.22125	4.09625
18.50375	17.93875	4.09625
17.93875	18.50375	4.09625
2.11875	1.27125	2.68375
1.27125	2.11875	2.68375
0.42375	3.24875	3.53125
18.78625	17.65625	4.09625
17.65625	18.78625	4.09625
1.27125	2.11875	2.11875
19.06875	17.09125	4.94375
15.96125	19.91625	4.66125
1.55375	1.83625	3.24875
2.11875	1.27125	3.24875
1.27125	2.11875	3.24875
1.83625	1.55375	1.55375
19.63375	16.52625	4.37875
0.98875	2.40125	2.68375
0.98875	2.40125	2.11875
16.80875	19.35125	4.94375
0.70625	2.68375	2.68375
0.70625	2.68375	2.11875
18.22125	18.50375	2.11875
0.14125	3.53125	3.53125
16.80875	19.63375	3.53125
19.35125	17.09125	4.09625
17.09125	19.35125	4.09625
18.78625	17.93875	2.11875
18.50375	18.22125	3.24875
17.65625	18.78625	4.66125
18.78625	17.65625	4.66125
17.93875	18.78625	3.24875
18.50375	18.22125	1.55375
19.91625	16.24375	4.37875
20.19875	15.67875	4.66125
17.65625	19.06875	2.11875
18.78625	17.93875	1.55375
16.52625	19.63375	4.94375
18.22125	18.50375	3.81375
18.50375	18.22125	3.81375
16.80875	19.63375	4.09625
19.06875	17.65625	1.55375
18.78625	17.93875	3.81375
18.50375	18.22125	0.98875
18.22125	18.50375	0.98875
17.09125	19.35125	4.66125
19.06875	17.65625	3.81375
17.65625	19.06875	3.81375
1.83625	1.27125	2.96625
20.19875	15.96125	4.37875
15.96125	20.19875	4.37875
19.63375	17.09125	2.68375
17.09125	19.63375	2.68375
1.83625	1.27125	1.83625
0.98875	2.11875	2.40125
0.14125	3.24875	3.24875
16.52625	19.91625	4.09625
18.78625	17.93875	4.37875
16.80875	19.63375	4.66125
2.40125	0.70625	2.40125
19.06875	17.65625	4.37875
18.50375	18.50375	2.40125
18.78625	18.22125	2.40125
2.11875	0.98875	1.27125
18.50375	18.50375	2.96625
18.78625	18.22125	2.96625
18.78625	18.22125	1.83625
0.42375	2.68375	2.40125
19.35125	17.37375	4.37875
0.42375	2.68375	2.96625
20.19875	16.24375	4.09625
16.52625	19.91625	4.66125
18.50375	18.22125	4.94375
1.55375	1.55375	0.70625
1.27125	1.83625	0.70625
18.78625	17.93875	4.94375
18.78625	18.22125	1.27125
16.80875	19.91625	3.81375
17.09125	19.63375	4.37875
17.65625	19.06875	4.94375
19.06875	17.65625	4.94375
0.14125	2.96625	2.96625
17.37375	19.63375	2.40125
17.37375	19.63375	2.96625
19.63375	17.37375	2.96625
20.19875	16.24375	4.66125
0.98875	1.83625	2.68375
0.98875	1.83625	2.11875
20.48125	15.67875	4.94375
19.91625	16.80875	4.37875
1.55375	1.55375	0.14125
17.37375	19.63375	3.53125
19.63375	17.37375	3.53125
16.52625	20.19875	3.81375
20.19875	16.52625	3.81375
1.55375	1.27125	1.55375
0.98875	1.83625	1.55375
2.11875	0.70625	1.55375
0.70625	2.11875	1.55375
18.22125	18.78625	4.66125
2.40125	0.42375	2.68375
2.40125	0.42375	2.11875
1.55375	1.27125	0.98875
18.22125	19.06875	2.68375
19.06875	18.22125	2.68375
17.93875	19.06875	4.66125
19.06875	17.93875	4.66125
20.48125	15.96125	4.66125
18.50375	18.78625	3.24875
18.78625	18.50375	3.24875
17.93875	19.35125	2.68375
19.35125	17.93875	2.68375
17.93875	19.35125	2.11875
17.65625	19.35125	4.66125
0.14125	2.68375	2.68375
17.93875	19.35125	3.24875
19.35125	17.93875	1.55375
17.93875	19.35125	1.55375
17.65625	19.63375	2.11875
19.63375	17.65625	2.11875
18.78625	18.50375	0.98875
1.27125	1.55375	0.42375
17.37375	19.63375	4.66125
19.63375	17.37375	4.66125
19.63375	17.65625	3.24875
19.06875	18.22125	0.98875
20.48125	16.24375	4.37875
16.24375	20.48125	4.37875
16.52625	20.19875	4.94375
17.37375	19.91625	2.68375
19.63375	17.65625	3.81375
19.91625	17.37375	3.24875
19.91625	17.09125	4.66125
18.22125	19.06875	4.37875
0.42375	2.11875	2.40125
18.78625	18.78625	2.40125
19.91625	17.37375	3.81375
0.70625	1.83625	1.27125
1.83625	0.70625	1.27125
18.50375	19.06875	2.96625
18.78625	18.78625	1.83625
20.19875	17.09125	3.24875
18.50375	19.06875	1.83625
19.35125	18.22125	2.40125
18.22125	19.35125	2.96625
18.78625	18.50375	4.94375
0.98875	1.55375	0.70625
17.09125	20.19875	3.81375
18.50375	19.06875	1.27125
19.91625	17.37375	4.37875
19.63375	17.93875	1.83625
17.93875	19.35125	4.94375
18.22125	19.35125	1.27125
19.91625	17.65625	2.40125
16.52625	20.48125	4.66125
17.65625	19.91625	2.96625
20.76375	15.96125	4.94375
1.27125	0.98875	2.11875
0.98875	1.27125	2.11875
18.50375	19.06875	0.70625
1.55375	0.70625	2.11875
0.70625	1.55375	2.11875
20.48125	16.80875	3.81375
16.80875	20.48125	3.81375
17.65625	19.91625	3.53125
19.91625	17.65625	3.53125
0.98875	1.27125	1.55375
1.27125	0.98875	1.55375
1.83625	0.42375	2.11875
19.06875	18.50375	4.66125
0.42375	1.83625	1.55375
1.83625	0.42375	1.55375
17.65625	19.91625	4.09625
18.78625	19.06875	2.11875
1.27125	0.98875	0.98875
19.35125	18.22125	4.66125
20.48125	16.80875	4.37875
16.80875	20.48125	4.37875
18.50375	19.35125	2.11875
0.70625	1.55375	0.98875
19.06875	18.78625	1.55375
18.22125	19.63375	2.68375
17.37375	20.19875	4.09625
19.63375	18.22125	3.24875
19.06875	18.78625	3.81375
17.09125	20.48125	3.53125
19.63375	18.22125	1.55375
18.22125	19.63375	1.55375
19.91625	17.93875	2.11875
19.91625	17.65625	4.66125
19.06875	18.78625	0.98875
17.93875	19.91625	3.24875
16.80875	20.48125	4.94375
17.65625	20.19875	2.68375
19.06875	18.78625	4.37875
18.78625	19.06875	4.37875
0.70625	1.27125	1.83625
17.37375	20.19875	4.66125
20.19875	17.37375	4.66125
17.93875	19.91625	3.81375
1.55375	0.42375	1.83625
0.70625	1.27125	1.27125
1.27125	0.70625	1.27125
17.65625	20.19875	3.81375
18.78625	19.35125	2.40125
20.48125	17.37375	3.24875
20.48125	17.09125	4.66125
19.35125	18.78625	2.96625
18.78625	19.35125	2.96625
19.91625	17.93875	4.37875
17.93875	19.91625	4.37875
19.63375	18.50375	2.40125
18.50375	19.63375	1.83625
0.70625	1.27125	0.70625
19.06875	19.06875	1.27125
17.65625	20.19875	4.37875
19.91625	18.22125	1.83625
19.63375	18.50375	1.27125
21.04625	16.24375	4.94375
19.91625	18.22125	3.53125
18.78625	19.35125	4.09625
19.63375	18.50375	4.09625
20.76375	17.09125	3.81375
0.70625	0.98875	1.55375
17.65625	20.48125	2.96625
16.52625	21.04625	4.66125
1.55375	0.14125	1.55375
17.09125	20.76375	4.37875
19.35125	19.06875	2.68375
19.06875	19.35125	2.68375
19.63375	18.50375	4.66125
19.06875	19.35125	2.11875
19.35125	19.06875	3.24875
19.35125	19.06875	1.55375
18.50375	19.91625	2.68375
18.50375	19.91625	2.11875
19.63375	18.78625	1.55375
20.48125	17.65625	4.09625
17.37375	20.76375	3.53125
19.06875	19.35125	3.81375
19.35125	19.06875	3.81375
20.19875	18.22125	2.68375
18.22125	20.19875	2.68375
20.19875	17.93875	4.66125
18.78625	19.63375	3.81375
18.22125	20.19875	2.11875
17.09125	20.76375	4.94375
20.76375	17.09125	4.94375
18.50375	19.91625	3.81375
19.35125	19.06875	4.37875
19.35125	19.06875	0.42375
18.50375	19.91625	4.37875
17.93875	20.48125	3.81375
19.35125	19.35125	2.40125
20.76375	17.37375	4.66125
17.65625	20.76375	3.24875
19.06875	19.63375	2.40125
20.76375	17.65625	3.81375
19.63375	19.06875	1.27125
19.91625	18.78625	3.53125
20.19875	18.50375	1.83625
16.52625	21.32875	4.94375
17.09125	21.04625	4.66125
18.78625	19.91625	1.27125
20.76375	17.65625	4.37875
19.91625	18.78625	4.09625
19.63375	19.06875	0.70625
18.22125	20.48125	3.53125
20.48125	17.93875	4.94375
17.93875	20.48125	4.94375
20.76375	17.93875	3.53125
18.78625	19.91625	4.66125
19.91625	18.78625	4.66125
19.91625	19.06875	2.68375
0.14125	0.98875	0.98875
0.98875	0.14125	0.98875
19.06875	19.91625	2.11875
19.35125	19.63375	3.24875
19.63375	19.35125	3.24875
19.91625	19.06875	3.24875
20.19875	18.78625	2.11875
20.76375	17.93875	4.09625
19.06875	19.91625	1.55375
18.78625	20.19875	3.24875
20.19875	18.78625	3.24875
19.63375	19.35125	3.81375
19.35125	19.63375	3.81375
17.09125	21.32875	4.37875
20.48125	18.50375	2.68375
19.06875	19.91625	3.81375
20.48125	18.50375	2.11875
0.42375	0.70625	0.42375
19.06875	19.91625	0.98875
19.91625	19.06875	0.98875
20.19875	18.78625	3.81375
17.65625	21.04625	4.09625
18.22125	20.76375	2.68375
20.76375	17.93875	4.66125
17.93875	20.76375	4.66125
20.76375	18.22125	3.24875
19.06875	19.91625	4.37875
21.32875	17.09125	4.94375
21.32875	17.37375	4.09625
20.48125	18.50375	4.37875
19.91625	19.35125	2.40125
19.91625	19.35125	2.96625
19.63375	19.35125	4.94375
19.06875	20.19875	2.40125
19.91625	19.06875	4.94375
0.42375	0.42375	0.70625
17.93875	21.04625	3.81375
0.14125	0.70625	0.70625
19.35125	19.91625	3.53125
18.78625	20.19875	4.94375
20.19875	19.06875	3.53125
17.37375	21.32875	4.66125
20.48125	18.78625	1.83625
20.19875	19.06875	1.27125
20.48125	18.50375	4.94375
20.76375	18.50375	2.40125
19.35125	19.91625	4.09625
18.50375	20.76375	2.96625
21.04625	17.93875	4.37875
21.32875	17.65625	3.81375
19.06875	20.19875	4.09625
19.63375	19.63375	0.70625
0.42375	0.42375	0.14125
19.35125	19.91625	0.70625
18.22125	20.76375	4.94375
20.76375	18.22125	4.94375
18.78625	20.48125	4.09625
17.09125	21.61125	4.66125
19.63375	19.63375	4.66125
17.65625	21.32875	4.37875
18.22125	21.04625	3.53125
19.91625	19.63375	2.68375
19.91625	19.63375	2.11875
19.35125	20.19875	2.68375
20.19875	19.35125	2.68375
19.63375	19.91625	3.24875
19.91625	19.63375	3.24875
20.48125	18.78625	4.66125
20.19875	19.35125	3.24875
19.91625	19.63375	1.55375
19.06875	20.48125	2.68375
19.06875	20.48125	2.11875
21.61125	17.37375	4.37875
17.37375	21.61125	4.37875
20.76375	18.78625	2.68375
20.76375	18.78625	2.11875
19.91625	19.63375	0.98875
20.19875	19.35125	0.98875
20.48125	19.06875	3.81375
19.06875	20.48125	3.81375
17.93875	21.32875	4.09625
18.22125	21.04625	4.66125
19.91625	19.63375	4.37875
19.63375	19.91625	4.37875
21.04625	18.50375	3.24875
19.63375	19.91625	0.42375
19.06875	20.48125	4.37875
20.76375	18.78625	4.37875
19.91625	19.91625	2.40125
19.63375	19.91625	4.94375
20.19875	19.63375	1.83625
19.63375	20.19875	1.83625
19.35125	20.48125	2.40125
20.19875	19.35125	4.94375
18.22125	21.32875	3.81375
21.32875	18.22125	3.81375
21.89375	17.09125	4.94375
19.06875	20.48125	4.94375
20.48125	19.06875	4.94375
19.06875	20.76375	2.40125
19.91625	19.91625	1.27125
19.06875	20.76375	2.96625
19.63375	20.19875	1.27125
20.48125	19.35125	3.53125
19.35125	20.48125	3.53125
19.91625	19.91625	4.09625
18.78625	21.04625	2.40125
21.04625	18.78625	2.40125
19.63375	20.19875	4.09625
18.78625	21.04625	2.96625
18.22125	21.32875	4.37875
20.48125	19.35125	4.09625
19.91625	19.91625	0.70625
19.63375	20.19875	0.70625
20.19875	19.63375	0.70625
21.04625	18.78625	3.53125
18.78625	21.04625	3.53125
20.76375	19.06875	4.09625
20.19875	19.63375	4.66125
19.63375	20.19875	4.66125
21.32875	18.50375	3.53125
18.22125	21.32875	4.94375
20.19875	19.91625	2.68375
19.63375	20.48125	2.68375
20.48125	19.63375	2.68375
20.19875	19.91625	3.24875
18.50375	21.32875	4.09625
19.63375	20.48125	3.24875
19.35125	20.76375	2.11875
20.76375	19.35125	2.11875
17.93875	21.61125	4.94375
18.78625	21.04625	4.66125
21.04625	18.78625	4.66125
19.91625	20.19875	3.81375
20.76375	19.35125	1.55375
21.04625	19.06875	2.68375
20.48125	19.63375	3.81375
20.19875	19.91625	0.98875
20.48125	19.63375	0.98875
18.22125	21.61125	4.09625
20.76375	19.35125	3.81375
19.35125	20.76375	3.81375
18.78625	21.32875	2.68375
19.06875	21.04625	3.81375
21.89375	17.65625	4.94375
21.32875	18.78625	3.24875
19.35125	20.76375	4.37875
21.89375	17.93875	4.09625
21.32875	18.78625	3.81375
18.78625	21.32875	3.81375
18.50375	21.61125	3.24875
19.06875	21.04625	4.37875
21.04625	19.06875	4.37875
20.19875	20.19875	2.40125
20.19875	20.19875	2.96625
22.17625	17.37375	4.94375
19.91625	20.48125	1.83625
19.63375	20.48125	4.94375
20.48125	19.63375	4.94375
20.76375	19.63375	2.40125
18.50375	21.61125	3.81375
20.76375	19.63375	2.96625
21.32875	18.78625	4.37875
20.19875	20.19875	3.53125
17.93875	21.89375	4.66125
20.19875	20.19875	1.27125
19.91625	20.48125	1.27125
19.63375	20.76375	3.53125
20.76375	19.63375	3.53125
20.76375	19.63375	1.27125
21.04625	19.35125	3.53125
20.48125	19.91625	4.09625
21.89375	18.22125	3.81375
21.32875	18.78625	4.94375
22.17625	17.65625	4.66125
17.65625	22.17625	4.66125
19.06875	21.32875	3.53125
21.32875	19.06875	3.53125
21.04625	19.35125	4.09625
18.22125	21.89375	4.37875
20.19875	20.19875	4.66125
18.50375	21.61125	4.94375
19.06875	21.32875	4.09625
20.76375	19.63375	4.66125
20.19875	20.48125	2.11875
19.35125	21.04625	4.66125
19.91625	20.76375	2.68375
19.91625	20.76375	2.11875
18.78625	21.61125	4.09625
21.61125	18.78625	4.09625
20.76375	19.91625	3.24875
20.19875	20.48125	1.55375
20.48125	20.19875	1.55375
17.93875	22.17625	4.37875
18.50375	21.89375	3.53125
21.89375	18.50375	3.53125
21.89375	18.22125	4.94375
19.91625	20.76375	1.55375
21.32875	19.06875	4.66125
19.63375	21.04625	3.24875
20.48125	20.19875	3.81375
21.04625	19.63375	1.55375
21.32875	19.35125	2.68375
20.76375	19.91625	3.81375
19.91625	20.76375	3.81375
19.35125	21.32875	2.11875
21.32875	19.35125	2.11875
21.89375	18.50375	4.66125
21.61125	19.06875	3.81375
17.65625	22.45875	4.94375
20.19875	20.48125	4.94375
19.91625	20.76375	4.94375
20.76375	20.19875	1.83625
18.78625	21.89375	3.81375
22.17625	18.22125	4.66125
19.91625	21.04625	1.83625
19.63375	21.04625	4.94375
21.32875	19.63375	2.40125
19.63375	21.32875	1.83625
21.32875	19.35125	4.94375
18.78625	21.89375	4.37875
19.63375	21.32875	3.53125
21.61125	19.35125	2.40125
18.50375	22.17625	3.81375
20.19875	20.76375	4.09625
21.61125	19.35125	2.96625
17.93875	22.45875	4.66125
19.06875	21.61125	4.94375
19.35125	21.61125	3.53125
19.63375	21.32875	4.09625
21.89375	19.06875	2.96625
20.76375	20.19875	4.66125
21.61125	19.35125	4.09625
19.91625	21.04625	4.66125
21.04625	19.91625	4.66125
20.76375	20.48125	2.68375
19.63375	21.32875	4.66125
20.19875	21.04625	2.68375
20.48125	20.76375	3.24875
18.22125	22.45875	4.37875
22.17625	18.78625	3.53125
22.17625	18.50375	4.94375
19.91625	21.32875	3.24875
19.63375	21.61125	2.68375
21.61125	19.63375	2.68375
20.19875	21.04625	3.81375
19.63375	21.61125	2.11875
21.61125	19.63375	2.11875
22.17625	18.78625	4.09625
19.91625	21.32875	3.81375
21.89375	19.35125	2.68375
19.35125	21.89375	2.68375
20.76375	20.48125	4.37875
21.89375	19.35125	3.24875
20.19875	21.04625	4.37875
22.45875	18.50375	4.09625
19.35125	21.89375	3.81375
19.06875	22.17625	3.24875
21.61125	19.63375	4.37875
17.93875	22.74125	4.94375
22.74125	17.93875	4.94375
20.48125	21.04625	2.40125
21.04625	20.19875	4.94375
21.04625	20.48125	2.96625
21.89375	19.35125	4.37875
20.19875	21.32875	2.96625
20.76375	20.76375	3.53125
20.48125	21.04625	3.53125
21.61125	19.91625	2.40125
20.19875	21.32875	3.53125
22.17625	19.06875	4.37875
18.78625	22.45875	3.81375
22.45875	18.78625	3.81375
20.76375	20.76375	4.09625
20.48125	21.04625	4.09625
21.89375	19.63375	2.96625
20.19875	21.32875	4.09625
21.32875	20.19875	4.09625
18.78625	22.45875	4.37875
20.76375	20.76375	4.66125
20.48125	21.04625	4.66125
21.89375	19.63375	4.09625
19.63375	21.89375	4.09625
20.76375	21.04625	2.68375
18.50375	22.74125	4.37875
21.32875	20.48125	2.68375
19.35125	22.17625	4.09625
18.78625	22.45875	4.94375
22.45875	18.78625	4.94375
21.04625	20.76375	3.24875
21.61125	20.19875	2.68375
21.89375	19.63375	4.66125
19.63375	21.89375	4.66125
20.19875	21.61125	3.24875
21.61125	20.19875	3.24875
21.89375	19.91625	2.68375
19.06875	22.45875	4.09625
19.35125	22.17625	4.66125
21.61125	20.19875	3.81375
22.17625	19.63375	2.68375
20.76375	21.04625	4.37875
22.45875	19.06875	4.66125
19.06875	22.45875	4.66125
22.17625	19.63375	3.81375
19.35125	22.45875	3.24875
22.74125	18.78625	4.66125
22.45875	19.35125	3.81375
21.61125	20.19875	4.94375
20.48125	21.61125	3.53125
21.32875	20.76375	4.09625
19.91625	22.17625	2.96625
22.17625	19.91625	2.96625
19.63375	22.17625	4.94375
22.17625	19.63375	4.94375
19.91625	22.17625	3.53125
20.19875	21.89375	4.09625
19.06875	22.74125	4.37875
22.45875	19.63375	2.96625
21.04625	21.04625	4.66125
19.63375	22.45875	3.53125
21.61125	20.48125	4.66125
21.89375	20.19875	4.66125
19.06875	22.74125	4.94375
19.63375	22.45875	4.09625
21.04625	21.32875	3.24875
21.32875	21.04625	3.24875
20.76375	21.61125	3.24875
22.17625	19.91625	4.66125
21.32875	21.04625	3.81375
19.35125	22.74125	4.09625
21.61125	20.76375	3.81375
22.45875	19.63375	4.66125
19.63375	22.45875	4.66125
22.17625	20.19875	3.24875
21.89375	20.48125	3.81375
21.32875	21.04625	4.37875
21.04625	21.32875	4.37875
22.45875	19.91625	3.24875
19.91625	22.45875	3.24875
23.02375	19.06875	4.09625
20.48125	21.89375	4.37875
21.89375	20.48125	4.37875
22.45875	19.91625	3.81375
23.30625	18.50375	4.94375
22.17625	20.19875	4.37875
21.32875	21.04625	4.94375
19.06875	23.02375	4.66125
23.02375	19.06875	4.66125
20.76375	21.61125	4.94375
19.63375	22.74125	3.81375
21.32875	21.32875	3.53125
21.61125	21.04625	3.53125
21.89375	20.76375	3.53125
22.74125	19.63375	4.37875
19.35125	23.02375	3.81375
23.02375	19.35125	3.81375
23.30625	18.78625	4.66125
20.48125	22.17625	3.53125
20.76375	21.89375	4.09625
19.35125	23.02375	4.37875
22.17625	20.48125	4.09625
21.32875	21.32875	4.66125
22.74125	19.91625	3.53125
22.45875	20.19875	4.09625
20.19875	22.45875	4.09625
23.30625	19.06875	4.37875
22.45875	20.19875	4.66125
21.32875	21.61125	3.81375
19.63375	23.02375	4.09625
23.02375	19.63375	4.09625
19.91625	22.74125	4.66125
22.17625	20.76375	3.81375
20.76375	22.17625	3.81375
22.45875	20.48125	3.81375
21.04625	21.89375	4.37875
20.19875	22.74125	3.81375
22.74125	20.19875	3.81375
21.61125	21.32875	4.94375
23.02375	19.91625	3.81375
20.19875	22.74125	4.37875
20.76375	22.17625	4.94375
20.48125	22.45875	4.94375
23.58875	19.06875	4.66125
19.06875	23.58875	4.66125
21.04625	22.17625	4.09625
22.17625	21.04625	4.09625
19.63375	23.30625	4.37875
22.45875	20.76375	4.09625
21.61125	21.61125	4.66125
22.74125	20.48125	4.09625
21.04625	22.17625	4.66125
22.17625	21.04625	4.66125
19.35125	23.58875	4.37875
23.30625	19.63375	4.94375
19.91625	23.30625	4.09625
23.58875	19.35125	4.94375
21.61125	21.89375	4.37875
19.63375	23.58875	4.09625
19.91625	23.30625	4.66125
23.30625	19.91625	4.66125
21.04625	22.45875	4.37875
21.61125	21.89375	4.94375
21.32875	22.17625	4.94375
22.45875	21.04625	4.94375
19.35125	23.87125	4.66125
23.02375	20.48125	4.94375
23.58875	19.91625	4.94375
23.02375	20.76375	4.66125
20.76375	23.02375	4.66125
23.58875	20.19875	4.66125
22.17625	21.89375	4.94375
22.45875	21.61125	4.94375
21.04625	23.02375	4.94375
23.02375	21.04625	4.94375
19.63375	24.15375	4.66125
24.15375	19.63375	4.66125
23.30625	20.76375	4.94375
20.48125	23.58875	4.94375
20.19875	23.87125	4.94375
19.63375	24.43625	4.94375
