-0.00132988156225
-6.13825671304e-05
-0.000312945727191
9.56570787484e-05
-0.000176605011542
0.000224336095743
-4.11999185933e-05
-0.000107294876729
0.000142635986322
-6.46782763052e-05
-5.81824912531e-05
8.00686372794e-05
8.00686372794e-05
-3.44663852926e-05
6.78610603652e-05
-4.82738444894e-05
-2.4959896786e-05
-3.57739877129e-05
3.57739877129e-05
6.78187960384e-06
5.07780324652e-05
5.44937982869e-05
3.93703344239e-05
-2.97678138327e-05
5.56760037097e-05
4.3562396208e-05
3.23069758255e-06
-2.54604646875e-05
-1.91418158993e-05
2.95110375997e-05
4.81495876626e-05
-2.64297601005e-06
-2.10956334722e-05
-1.6768324042e-05
-1.2807070719e-05
-4.29607989424e-06
-1.22482423934e-05
-1.41757133492e-05
1.22889942397e-05
2.56051735702e-05
-4.91701518578e-06
-9.26163998528e-08
2.21353195648e-05
3.06964199829e-06
2.41505136978e-05
-1.47716138116e-05
1.07956060365e-05
3.55862388978e-06
-1.24045446796e-05
-8.63192350272e-06
9.84807196495e-06
2.45056674477e-05
4.6830883999e-06
-6.02710289405e-06
-8.02194147341e-06
-5.96963292144e-06
-1.0311184137e-05
-1.00716363648e-05
2.21101964741e-06
-5.15904584396e-06
-9.11554602937e-06
-7.90068774943e-06
-1.02749249295e-05
-1.02749249295e-05
1.73145747517e-05
-9.50269170142e-06
-8.05194265559e-06
-6.85170340379e-06
-8.08478453816e-06
1.12638235937e-05
-2.46842738464e-06
-6.62577876928e-06
-6.51700006466e-06
-8.31640729564e-06
-1.88587674734e-06
-4.71745989708e-06
-8.14754624704e-06
1.19079522072e-05
4.0290063859e-06
-7.47546503688e-06
-7.20606304194e-07
-1.12845002736e-07
-6.20647515047e-06
5.20835779809e-06
-7.52590999723e-06
3.0989041165e-06
2.89767232262e-06
-7.24409746116e-06
7.68776051311e-06
1.01373366889e-05
-1.99604135503e-07
-7.0479360268e-06
-2.70025531176e-06
-6.02752144393e-06
-4.17507639795e-06
-4.17507639795e-06
9.57811644236e-06
-6.25314288529e-06
2.80886627189e-06
-6.54092635342e-06
1.11191414078e-05
-2.6967820844e-06
-1.50052887927e-06
2.68150784654e-06
5.5620783983e-06
-4.81410661993e-06
-5.7734331507e-06
-1.23577555988e-06
-5.91871452363e-06
-4.908636301e-06
7.37673647346e-06
-5.72881844317e-06
-3.75761209713e-06
3.6437691475e-06
-5.62573562941e-06
-5.62573562941e-06
-4.40606394824e-06
-5.59665361972e-06
-1.67751156241e-06
5.63907304233e-07
-1.38611784502e-06
8.03948350114e-06
-3.60390639706e-06
-3.60390639706e-06
-3.43202799992e-07
-3.43202799992e-07
-5.28532311988e-06
8.55261377581e-06
9.5145275435e-06
-1.72626449101e-06
-2.58165125774e-06
-4.39710196942e-06
-2.30945711747e-06
1.43862470179e-06
-3.67759108047e-06
-4.59380754342e-06
-5.1028166895e-06
5.58637537828e-06
1.19298897076e-06
-2.529136618e-06
-4.53335808887e-06
2.81545397098e-06
-4.05616250057e-06
-3.88943557266e-06
7.08137358061e-06
-3.18356905084e-07
-1.50082540968e-06
-2.48721223583e-06
3.6870189071e-06
3.6870189071e-06
-6.71367621891e-07
-3.09269347133e-06
-4.545488981e-06
4.56750103417e-06
1.30971716402e-06
-9.67640545717e-08
-3.70928875858e-06
-3.66633496939e-06
8.05753272642e-06
4.00429066419e-06
5.18505455713e-06
3.87576372271e-06
6.28487332275e-06
8.16553770635e-06
4.88295906264e-06
-8.53856072181e-07
6.26745152955e-06
-1.55780587151e-06
-4.09376891815e-06
-6.15876739898e-07
4.70964565805e-07
3.29694364018e-06
2.88006917978e-06
1.23062721355e-06
-3.51976594646e-06
-2.30990104932e-06
-3.98579666641e-06
2.99339885129e-07
-3.56309440729e-06
1.3080065315e-06
3.75034439624e-06
4.76840180966e-06
-2.67495711274e-06
2.35785681508e-06
5.05255031803e-06
-3.21525929329e-06
-3.48091371431e-06
-5.73307312441e-07
6.26461019079e-06
-7.94105517142e-07
-2.20584865873e-06
8.82339463492e-08
-3.18373256646e-06
1.82438607741e-06
-2.68536784685e-06
-2.17656130745e-06
9.89346048841e-07
9.89346048841e-07
5.54618607243e-06
1.58176363835e-06
4.4937971148e-06
1.80492987463e-06
-1.68834202801e-06
-8.81512395645e-07
-3.34974710345e-06
3.71232928454e-06
6.55116932566e-07
5.9638710448e-06
6.10766033265e-06
-2.95477065164e-06
2.32321661923e-06
7.11329811819e-07
-4.45646075233e-07
-4.45646075233e-07
2.91331007487e-06
-1.61973880519e-06
-2.42695289827e-06
4.09717014441e-06
3.91675841466e-06
-2.29323161065e-06
-2.57734880136e-06
2.90205416216e-06
-1.91504319978e-06
-2.83933634808e-06
1.03937439659e-06
3.74566999528e-06
4.80465522954e-06
1.03937439659e-06
3.46369422769e-06
2.06067884432e-06
-1.46537502532e-06
-2.50603801463e-06
-2.59868267321e-06
3.16649571446e-06
4.32904154379e-06
-1.92265997734e-06
4.24090755472e-06
6.20330452205e-07
4.36834101658e-06
3.41398647472e-06
-3.84166194613e-08
3.98923838095e-06
2.41534419685e-06
2.77403957656e-06
-3.51405907611e-07
3.57685879534e-06
3.07237597127e-06
4.34712739309e-06
2.65068743481e-06
-9.83665397812e-07
2.92952648963e-06
2.33861873625e-06
-1.29897076186e-06
4.97188116351e-07
2.96550508442e-06
-1.30626588475e-06
3.27661811418e-06
4.37452618938e-06
-7.01994891216e-07
2.13050851264e-06
3.30604210211e-06
-1.0549210346e-06
3.85852251098e-06
-1.19248323787e-06
3.35607498396e-06
2.82579865352e-06
2.82579865352e-06
3.491956511e-06
-6.38211765629e-07
1.32877800086e-06
3.16728316393e-06
-9.43234798035e-07
-9.43234798035e-07
9.43234798035e-07
3.72997242277e-07
-3.97699046401e-07
3.06734210045e-06
2.97121767625e-06
3.10498121476e-06
1.10489448478e-06
3.66425371951e-07
2.19716533722e-06
1.65390740285e-06
2.51033060812e-06
-3.67175153113e-07
1.21552903851e-06
2.02520920025e-06
-1.75878810653e-08
1.94491276006e-06
6.24822406501e-07
1.72582226717e-06
1.71756297899e-06
2.13030136029e-06
2.45615447339e-06
4.49718424705e-07
-4.26259170901e-07
2.86202586176e-06
1.79754502224e-06
2.32290770855e-06
1.15871783106e-06
-2.63719769838e-07
2.50651251672e-06
5.42529185824e-07
1.38881426677e-06
2.75648035013e-06
2.62099184e-06
2.70702523394e-06
1.86990096073e-06
2.55635584949e-06
2.23201074492e-06
2.14877761556e-06
1.8563809468e-06
2.42452175377e-06
2.10093036784e-06
4.53257353878e-07
9.09020000416e-07
2.28449872439e-06
2.41316755089e-06
1.22449389989e-06
1.91664992461e-06
1.96703756717e-06
2.15088430502e-06
2.12739465386e-06
8.50556541222e-07
6.43065018367e-07
2.01996153378e-06
1.79141441843e-06
1.99921869516e-06
-1.01886923512e-06
2.01777409928e-06
1.91885343463e-06
5.17118159722e-07
8.46402581877e-07
1.63948056199e-06
1.78900431349e-06
1.78900431349e-06
1.68390963869e-06
1.47298175754e-06
-8.84561742238e-07
1.59155323219e-06
1.54645693141e-06
1.50292142092e-06
1.53987288886e-06
1.42027059671e-06
1.46959038925e-06
1.14102647281e-06
4.06964932592e-08
1.51795771747e-06
1.51795771747e-06
1.34967074389e-06
1.35812385729e-06
1.35345178195e-06
1.29373005204e-06
1.34991452613e-06
1.23526508571e-06
1.26153501802e-06
1.14815111518e-06
1.18034423731e-06
1.18801444987e-06
1.16289014771e-06
1.12232756445e-06
1.1065967958e-06
1.04528312655e-06
1.05755671804e-06
-4.7214221184e-07
9.97302938273e-07
9.53848259682e-07
9.18754537259e-07
-3.90914465927e-07
8.15398965972e-07
8.17187261427e-07
7.72659130753e-07
7.35321173782e-07
6.88795580275e-07
6.80876688458e-07
5.86330075094e-07
8.52202961819e-08
