-0.00132988
-6.13826e-05
-0.000312946
9.56571e-05
-0.000176605
0.000224336
-4.11999e-05
-0.000107295
0.000142636
-6.46783e-05
-5.81825e-05
8.00686e-05
8.00686e-05
-3.44664e-05
6.78611e-05
-4.82738e-05
-2.49599e-05
-3.5774e-05
3.5774e-05
6.78188e-06
5.0778e-05
5.44938e-05
3.93703e-05
-2.97678e-05
5.5676e-05
4.35624e-05
3.2307e-06
-2.54605e-05
-1.91418e-05
2.9511e-05
4.81496e-05
-2.64298e-06
-2.10956e-05
-1.67683e-05
-1.28071e-05
-4.29608e-06
-1.22482e-05
-1.41757e-05
1.2289e-05
2.56052e-05
-4.91702e-06
-9.26164e-08
2.21353e-05
3.06964e-06
2.41505e-05
-1.47716e-05
1.07956e-05
3.55862e-06
-1.24045e-05
-8.63192e-06
9.84807e-06
2.45057e-05
4.68309e-06
-6.0271e-06
-8.02194e-06
-5.96963e-06
-1.03112e-05
-1.00716e-05
2.21102e-06
-5.15905e-06
-9.11555e-06
-7.90069e-06
-1.02749e-05
-1.02749e-05
1.73146e-05
-9.50269e-06
-8.05194e-06
-6.8517e-06
-8.08478e-06
1.12638e-05
-2.46843e-06
-6.62578e-06
-6.517e-06
-8.31641e-06
-1.88588e-06
-4.71746e-06
-8.14755e-06
1.1908e-05
4.02901e-06
-7.47547e-06
-7.20606e-07
-1.12845e-07
-6.20648e-06
5.20836e-06
-7.52591e-06
3.0989e-06
2.89767e-06
-7.2441e-06
7.68776e-06
1.01373e-05
-1.99604e-07
-7.04794e-06
-2.70026e-06
-6.02752e-06
-4.17508e-06
-4.17508e-06
9.57812e-06
-6.25314e-06
2.80887e-06
-6.54093e-06
1.11191e-05
-2.69678e-06
-1.50053e-06
2.68151e-06
5.56208e-06
-4.81411e-06
-5.77343e-06
-1.23578e-06
-5.91871e-06
-4.90864e-06
7.37674e-06
-5.72882e-06
-3.75761e-06
3.64377e-06
-5.62574e-06
-5.62574e-06
-4.40606e-06
-5.59665e-06
-1.67751e-06
5.63907e-07
-1.38612e-06
8.03948e-06
-3.60391e-06
-3.60391e-06
-3.43203e-07
-3.43203e-07
-5.28532e-06
8.55261e-06
9.51453e-06
-1.72626e-06
-2.58165e-06
-4.3971e-06
-2.30946e-06
1.43862e-06
-3.67759e-06
-4.59381e-06
-5.10282e-06
5.58638e-06
1.19299e-06
-2.52914e-06
-4.53336e-06
2.81545e-06
-4.05616e-06
-3.88944e-06
7.08137e-06
-3.18357e-07
-1.50083e-06
-2.48721e-06
3.68702e-06
3.68702e-06
-6.71368e-07
-3.09269e-06
-4.54549e-06
4.5675e-06
1.30972e-06
-9.67641e-08
-3.70929e-06
-3.66633e-06
8.05753e-06
4.00429e-06
5.18505e-06
3.87576e-06
6.28487e-06
8.16554e-06
4.88296e-06
-8.53856e-07
6.26745e-06
-1.55781e-06
-4.09377e-06
-6.15877e-07
4.70965e-07
3.29694e-06
2.88007e-06
1.23063e-06
-3.51977e-06
-2.3099e-06
-3.9858e-06
2.9934e-07
-3.56309e-06
1.30801e-06
3.75034e-06
4.7684e-06
-2.67496e-06
2.35786e-06
5.05255e-06
-3.21526e-06
-3.48091e-06
-5.73307e-07
6.26461e-06
-7.94106e-07
-2.20585e-06
8.82339e-08
-3.18373e-06
1.82439e-06
-2.68537e-06
-2.17656e-06
9.89346e-07
9.89346e-07
5.54619e-06
1.58176e-06
4.4938e-06
1.80493e-06
-1.68834e-06
-8.81512e-07
-3.34975e-06
3.71233e-06
6.55117e-07
5.96387e-06
6.10766e-06
-2.95477e-06
2.32322e-06
7.1133e-07
-4.45646e-07
-4.45646e-07
2.91331e-06
-1.61974e-06
-2.42695e-06
4.09717e-06
3.91676e-06
-2.29323e-06
-2.57735e-06
2.90205e-06
-1.91504e-06
-2.83934e-06
1.03937e-06
3.74567e-06
4.80466e-06
1.03937e-06
3.46369e-06
2.06068e-06
-1.46538e-06
-2.50604e-06
-2.59868e-06
3.1665e-06
4.32904e-06
-1.92266e-06
4.24091e-06
6.2033e-07
4.36834e-06
3.41399e-06
-3.84166e-08
3.98924e-06
2.41534e-06
2.77404e-06
-3.51406e-07
3.57686e-06
3.07238e-06
4.34713e-06
2.65069e-06
-9.83665e-07
2.92953e-06
2.33862e-06
-1.29897e-06
4.97188e-07
2.96551e-06
-1.30627e-06
3.27662e-06
4.37453e-06
-7.01995e-07
2.13051e-06
3.30604e-06
-1.05492e-06
3.85852e-06
-1.19248e-06
3.35607e-06
2.8258e-06
2.8258e-06
3.49196e-06
-6.38212e-07
1.32878e-06
3.16728e-06
-9.43235e-07
-9.43235e-07
9.43235e-07
3.72997e-07
-3.97699e-07
3.06734e-06
2.97122e-06
3.10498e-06
1.10489e-06
3.66425e-07
2.19717e-06
1.65391e-06
2.51033e-06
-3.67175e-07
1.21553e-06
2.02521e-06
-1.75879e-08
1.94491e-06
6.24822e-07
1.72582e-06
1.71756e-06
2.1303e-06
2.45615e-06
4.49718e-07
-4.26259e-07
2.86203e-06
1.79755e-06
2.32291e-06
1.15872e-06
-2.6372e-07
2.50651e-06
5.42529e-07
1.38881e-06
2.75648e-06
2.62099e-06
2.70703e-06
1.8699e-06
2.55636e-06
2.23201e-06
2.14878e-06
1.85638e-06
2.42452e-06
2.10093e-06
4.53257e-07
9.0902e-07
2.2845e-06
2.41317e-06
1.22449e-06
1.91665e-06
1.96704e-06
2.15088e-06
2.12739e-06
8.50557e-07
6.43065e-07
2.01996e-06
1.79141e-06
1.99922e-06
-1.01887e-06
2.01777e-06
1.91885e-06
5.17118e-07
8.46403e-07
1.63948e-06
1.789e-06
1.789e-06
1.68391e-06
1.47298e-06
-8.84562e-07
1.59155e-06
1.54646e-06
1.50292e-06
1.53987e-06
1.42027e-06
1.46959e-06
1.14103e-06
4.06965e-08
1.51796e-06
1.51796e-06
1.34967e-06
1.35812e-06
1.35345e-06
1.29373e-06
1.34991e-06
1.23527e-06
1.26154e-06
1.14815e-06
1.18034e-06
1.18801e-06
1.16289e-06
1.12233e-06
1.1066e-06
1.04528e-06
1.05756e-06
-4.72142e-07
9.97303e-07
9.53848e-07
9.18755e-07
-3.90914e-07
8.15399e-07
8.17187e-07
7.72659e-07
7.35321e-07
6.88796e-07
6.80877e-07
5.8633e-07
8.52203e-08
