0	(1,0)	(1,0)	(1,0)	(1,0)	1	1
20202	(1,0)	(0.998306,1.19852e-16)	(0.998306,-4.70612e-17)	(0.998306,2.85437e-16)	0.998306	0.998281
40404	(1,0)	(0.983632,-9.61239e-17)	(0.983633,3.14196e-16)	(0.983633,4.38569e-16)	0.983632	0.983466
60606.1	(1,0)	(0.963899,-1.194e-17)	(0.963906,-2.45046e-16)	(0.963906,1.21503e-15)	0.963899	0.963431
80808.1	(1,0)	(0.957225,-3.28477e-16)	(0.957256,4.74819e-16)	(0.957256,-8.82136e-16)	0.957225	0.956251
101010	(1,0)	(0.941837,-2.17475e-16)	(0.941926,5.31309e-16)	(0.941925,-1.74598e-15)	0.941837	0.940151
121212	(1,0)	(0.898607,-1.07665e-16)	(0.898805,-1.09304e-16)	(0.898803,-4.571e-17)	0.898607	0.896089
141414	(1,0)	(0.835689,-2.57163e-17)	(0.836074,8.44122e-16)	(0.836069,-1.83373e-15)	0.835689	0.832295
161616	(1,0)	(0.753071,8.73214e-17)	(0.753741,-7.15546e-17)	(0.753729,-2.44784e-16)	0.753071	0.748861
181818	(1,0)	(0.662645,1.91458e-16)	(0.663709,-1.69143e-16)	(0.663685,9.5418e-17)	0.662645	0.657715
202020	(1,0)	(0.586719,1.48092e-16)	(0.588327,2.35141e-16)	(0.588281,-9.20485e-16)	0.586719	0.581061
222222	(1,0)	(0.522677,-3.39525e-16)	(0.524996,7.48832e-16)	(0.524915,-1.26655e-15)	0.522677	0.516303
242424	(1,0)	(0.464199,2.60145e-16)	(0.467376,-4.21241e-16)	(0.467242,2.07158e-16)	0.464199	0.457181
262626	(1,0)	(0.417114,1.72196e-16)	(0.421328,3.31646e-16)	(0.421117,-1.22707e-15)	0.417114	0.409408
282828	(1,0)	(0.381673,2.20631e-16)	(0.387134,-2.82589e-16)	(0.386808,-7.09962e-16)	0.381673	0.373155
303030	(1,0)	(0.357453,-1.59886e-16)	(0.364421,8.70001e-16)	(0.36393,-1.27159e-15)	0.357453	0.347923
323232	(1,0)	(0.348942,-2.16087e-16)	(0.357903,2.15933e-16)	(0.357159,1.69398e-16)	0.348942	0.33795
343434	(1,0)	(0.352199,1.75308e-16)	(0.363781,7.38049e-17)	(0.362658,4.68833e-16)	0.352199	0.339233
363636	(1,0)	(0.357371,-7.83525e-17)	(0.372084,-2.88108e-16)	(0.370439,8.44418e-16)	0.357371	0.342149
383838	(1,0)	(0.359971,1.8921e-16)	(0.378218,6.64139e-17)	(0.375897,-2.98063e-16)	0.359971	0.342397
404040	(1,0)	(0.356709,-2.84499e-16)	(0.378699,1.31602e-15)	(0.375561,-1.89444e-15)	0.356709	0.336911
424242	(1,0)	(0.34591,-1.38015e-16)	(0.371597,2.56431e-16)	(0.367539,-2.39441e-16)	0.34591	0.324226
444444	(1,0)	(0.331445,2.26256e-18)	(0.360871,1.52881e-16)	(0.355785,-7.9177e-16)	0.331445	0.308112
464646	(1,0)	(0.314231,-9.81836e-17)	(0.347376,6.44206e-16)	(0.341168,-5.83571e-16)	0.314231	0.289502
484848	(1,0)	(0.291412,-2.87498e-16)	(0.327747,3.89436e-16)	(0.320434,-4.51931e-16)	0.291412	0.265895
505051	(1,0)	(0.263028,-3.8298e-17)	(0.301641,1.44507e-16)	(0.293353,-1.34513e-16)	0.263029	0.237524
525253	(1,0)	(0.231661,1.63358e-17)	(0.271587,-1.35632e-17)	(0.262511,2.28585e-16)	0.231661	0.206902
545455	(1,0)	(0.200892,4.83439e-17)	(0.241464,-4.21061e-16)	(0.23176,1.79764e-16)	0.200892	0.177329
565657	(1,0)	(0.173577,8.71917e-17)	(0.214593,-3.50311e-16)	(0.204328,5.87669e-16)	0.173577	0.15132
585859	(1,0)	(0.149971,-9.84108e-17)	(0.191382,1.97254e-16)	(0.18059,-5.28341e-16)	0.149971	0.129027
606061	(1,0)	(0.12903,-1.11445e-16)	(0.170609,4.18923e-16)	(0.159373,-2.27196e-16)	0.12903	0.109477
626263	(1,0)	(0.109346,-5.82439e-17)	(0.15041,2.42916e-18)	(0.138943,5.9137e-17)	0.109346	0.0914308
646465	(1,0)	(0.0904555,-7.48729e-18)	(0.129989,1.11421e-17)	(0.118612,-2.38805e-16)	0.0904554	0.0744848
666667	(1,0)	(0.0734226,-5.11517e-17)	(0.110712,3.91308e-16)	(0.0996773,-4.3023e-16)	0.0734226	0.0594913
686869	(1,0)	(0.0587352,2.45482e-17)	(0.0933356,1.12315e-16)	(0.0828229,-2.46018e-16)	0.0587352	0.0467876
707071	(1,0)	(0.0461343,-2.23259e-17)	(0.0775886,1.01723e-16)	(0.0677846,-1.71555e-16)	0.0461343	0.0360971
727273	(1,0)	(0.0357021,1.7074e-17)	(0.063805,-1.71064e-16)	(0.0548229,2.55855e-16)	0.0357021	0.0274145
747475	(1,0)	(0.0271474,-2.23436e-17)	(0.0517569,1.3087e-16)	(0.0436938,-4.37541e-17)	0.0271474	0.0204395
767677	(1,0)	(0.0201489,-7.58283e-18)	(0.0411334,3.99001e-17)	(0.034087,1.29565e-17)	0.0201489	0.0148611
787879	(1,0)	(0.0148504,1.03473e-18)	(0.0325762,6.05485e-17)	(0.0264778,-3.8983e-17)	0.0148504	0.0107198
808081	(1,0)	(0.0110588,7.24709e-18)	(0.0261476,-2.82355e-17)	(0.0208302,5.89955e-17)	0.0110588	0.0078057
828283	(1,0)	(0.00830986,3.96043e-18)	(0.0212333,-7.55364e-17)	(0.0165696,1.19002e-16)	0.00830986	0.00573007
848485	(1,0)	(0.00636237,2.28846e-18)	(0.0176092,-1.95522e-17)	(0.0134547,1.29086e-17)	0.00636237	0.00428221
868687	(1,0)	(0.00497626,9.57939e-19)	(0.0149513,-1.41127e-17)	(0.0111821,-8.735e-18)	0.00497626	0.00326636
888889	(1,0)	(0.00390083,1.63065e-18)	(0.0127538,-3.47765e-18)	(0.0093348,-9.6099e-18)	0.00390083	0.00249501
909091	(1,0)	(0.00307153,-4.41019e-19)	(0.0109582,1.26316e-17)	(0.00784807,-8.98362e-18)	0.00307153	0.00191284
929293	(1,0)	(0.00244809,1.26087e-18)	(0.00955961,-2.70357e-18)	(0.00669852,7.82121e-18)	0.00244809	0.00148328
949495	(1,0)	(0.00194015,-9.19472e-19)	(0.00831912,8.10023e-18)	(0.00570262,-3.28574e-17)	0.00194015	0.00114279
969697	(1,0)	(0.00152666,-1.35305e-18)	(0.00721256,1.25016e-17)	(0.00483567,-8.32586e-18)	0.00152666	0.000873517
989899	(1,0)	(0.00120099,-4.49384e-19)	(0.00627504,2.06077e-18)	(0.0041137,-5.00449e-18)	0.00120099	0.000667003
1.0101e+06	(1,0)	(0.000926694,-4.84098e-20)	(0.00537736,-1.89264e-18)	(0.00344566,4.90316e-18)	0.000926694	0.000499163
1.0303e+06	(1,0)	(0.000700836,-1.59339e-19)	(0.00453806,1.11962e-17)	(0.00284078,-6.45956e-18)	0.000700836	0.000365859
1.05051e+06	(1,0)	(0.000527688,-7.26352e-19)	(0.00383289,2.00143e-18)	(0.00234256,-1.20439e-18)	0.000527688	0.000266781
1.07071e+06	(1,0)	(0.000390435,2.71037e-19)	(0.0031989,-2.42864e-18)	(0.00190747,2.98345e-18)	0.000390435	0.000191033
1.09091e+06	(1,0)	(0.000283245,3.53379e-19)	(0.00263275,-8.20826e-18)	(0.0015303,9.61471e-18)	0.000283245	0.000134037
1.11111e+06	(1,0)	(0.000204886,1.16731e-19)	(0.0021736,-4.39286e-18)	(0.00123035,5.41954e-19)	0.000204886	9.37162e-05
1.13131e+06	(1,0)	(0.000146036,2.33509e-20)	(0.00178008,3.01638e-18)	(0.000980255,-2.15886e-18)	0.000146036	6.45292e-05
1.15152e+06	(1,0)	(0.000101903,6.56205e-20)	(0.00143783,-9.43778e-19)	(0.00076934,-1.85849e-18)	0.000101903	4.34738e-05
1.17172e+06	(1,0)	(7.06153e-05,3.29531e-20)	(0.001163,1.02629e-18)	(0.000603732,6.3486e-19)	7.06153e-05	2.90681e-05
1.19192e+06	(1,0)	(4.79471e-05,1.53044e-20)	(0.00093015,-4.63218e-19)	(0.000467711,1.23106e-18)	4.79471e-05	1.90314e-05
1.21212e+06	(1,0)	(3.15279e-05,-5.26851e-21)	(0.000727528,1.83777e-18)	(0.000353631,-2.09492e-18)	3.15279e-05	1.20591e-05
1.23232e+06	(1,0)	(2.03985e-05,-7.38414e-22)	(0.000565826,2.04852e-19)	(0.000265219,7.48375e-19)	2.03985e-05	7.51378e-06
1.25253e+06	(1,0)	(1.2933e-05,6.19236e-21)	(0.000436216,-1.59931e-18)	(0.000196746,7.67599e-19)	1.2933e-05	4.58496e-06
1.27273e+06	(1,0)	(7.96831e-06,2.83142e-21)	(0.000330975,-7.87428e-20)	(0.000143313,-9.36208e-21)	7.96831e-06	2.71728e-06
1.29293e+06	(1,0)	(4.84533e-06,4.34255e-21)	(0.000251299,-1.25051e-18)	(0.000104162,1.03874e-18)	4.84533e-06	1.58848e-06
1.31313e+06	(1,0)	(2.9019e-06,-6.98488e-22)	(0.000190721,-5.70247e-20)	(7.5465e-05,-1.64981e-19)	2.9019e-06	9.1413e-07
1.33333e+06	(1,0)	(1.69948e-06,2.84951e-21)	(0.000143729,-5.6235e-19)	(5.41241e-05,3.59473e-19)	1.69948e-06	5.14165e-07
1.35354e+06	(1,0)	(9.92789e-07,3.61986e-22)	(0.000109774,-9.86164e-20)	(3.91746e-05,1.1342e-19)	9.92789e-07	2.88354e-07
1.37374e+06	(1,0)	(5.83875e-07,4.04324e-23)	(8.58622e-05,2.64604e-19)	(2.89256e-05,-1.42548e-19)	5.83876e-07	1.62741e-07
1.39394e+06	(1,0)	(3.43594e-07,-1.9535e-22)	(6.85145e-05,8.9188e-20)	(2.17149e-05,-3.49273e-20)	3.43594e-07	9.18666e-08
1.41414e+06	(1,0)	(2.03404e-07,2.25795e-23)	(5.6263e-05,5.963e-20)	(1.66843e-05,5.70647e-21)	2.03404e-07	5.21456e-08
1.43434e+06	(1,0)	(1.20127e-07,-2.45677e-23)	(4.73516e-05,-1.05345e-19)	(1.30468e-05,5.58129e-20)	1.20127e-07	2.95163e-08
1.45455e+06	(1,0)	(6.94335e-08,-2.4159e-24)	(4.02557e-05,-1.19986e-20)	(1.0224e-05,3.26806e-20)	6.94336e-08	1.63444e-08
1.47475e+06	(1,0)	(3.93355e-08,-3.46769e-23)	(3.47916e-05,6.58668e-20)	(8.04331e-06,-1.74057e-20)	3.93355e-08	8.86754e-09
1.49495e+06	(1,0)	(2.19332e-08,1.13497e-24)	(3.08657e-05,7.00903e-20)	(6.3882e-06,-1.43529e-20)	2.19332e-08	4.7334e-09
1.51515e+06	(1,0)	(1.19748e-08,-2.34047e-23)	(2.81346e-05,1.086e-19)	(5.12103e-06,2.81686e-21)	1.19748e-08	2.47305e-09
1.53535e+06	(1,0)	(6.41205e-09,3.89907e-25)	(2.65334e-05,5.43117e-20)	(4.14651e-06,1.33185e-20)	6.41205e-09	1.26682e-09
1.55556e+06	(1,0)	(3.36998e-09,1.19841e-24)	(2.59483e-05,5.81231e-22)	(3.3691e-06,-2.67992e-21)	3.36998e-09	6.36754e-10
1.57576e+06	(1,0)	(1.74506e-09,-3.31502e-24)	(2.6165e-05,1.70599e-19)	(2.72918e-06,7.55635e-22)	1.74506e-09	3.15248e-10
1.59596e+06	(1,0)	(9.16649e-10,-2.70636e-24)	(2.7084e-05,2.87971e-19)	(2.21083e-06,-1.20667e-20)	9.16649e-10	1.58268e-10
1.61616e+06	(1,0)	(5.14172e-10,8.67465e-25)	(2.82904e-05,-1.63329e-19)	(1.80239e-06,-9.45625e-21)	5.14172e-10	8.48199e-11
1.63636e+06	(1,0)	(3.24309e-10,-1.03275e-25)	(2.88083e-05,-2.87912e-20)	(1.49835e-06,4.40888e-22)	3.24309e-10	5.10978e-11
1.65657e+06	(1,0)	(2.34242e-10,-5.71995e-25)	(2.78603e-05,2.93404e-19)	(1.27899e-06,-1.24311e-20)	2.34242e-10	3.52402e-11
1.67677e+06	(1,0)	(1.87294e-10,7.35276e-25)	(2.56618e-05,-2.68568e-19)	(1.10304e-06,2.26211e-21)	1.87294e-10	2.68972e-11
1.69697e+06	(1,0)	(1.57088e-10,-6.00564e-25)	(2.30729e-05,1.7969e-19)	(9.47579e-07,-2.43219e-21)	1.57088e-10	2.1528e-11
1.71717e+06	(1,0)	(1.326e-10,1.92997e-25)	(2.06975e-05,-1.02235e-19)	(8.08927e-07,-2.1636e-21)	1.326e-10	1.73362e-11
1.73737e+06	(1,0)	(1.10344e-10,-2.03511e-25)	(1.87424e-05,1.14972e-19)	(6.82298e-07,-8.17632e-22)	1.10344e-10	1.37594e-11
1.75758e+06	(1,0)	(9.05457e-11,8.7182e-26)	(1.73521e-05,-7.26577e-20)	(5.70941e-07,1.07177e-21)	9.05456e-11	1.0766e-11
1.77778e+06	(1,0)	(7.30219e-11,1.62564e-25)	(1.64149e-05,-1.09484e-19)	(4.783e-07,2.16275e-21)	7.30219e-11	8.27694e-12
1.79798e+06	(1,0)	(5.69467e-11,-1.17836e-26)	(1.5571e-05,2.5746e-20)	(3.96906e-07,2.02587e-21)	5.69466e-11	6.15165e-12
1.81818e+06	(1,0)	(4.28192e-11,-6.84991e-26)	(1.47137e-05,3.4063e-20)	(3.22905e-07,1.88068e-22)	4.28193e-11	4.40708e-12
1.83838e+06	(1,0)	(3.12214e-11,-1.74982e-26)	(1.3877e-05,2.56077e-20)	(2.58159e-07,7.01924e-22)	3.12214e-11	3.06076e-12
1.85859e+06	(1,0)	(2.21922e-11,1.59668e-26)	(1.30577e-05,-1.08116e-21)	(2.03425e-07,-3.89473e-22)	2.21922e-11	2.07175e-12
1.87879e+06	(1,0)	(1.57534e-11,7.91873e-27)	(1.25021e-05,-2.10535e-20)	(1.60438e-07,4.37357e-22)	1.57534e-11	1.40012e-12
1.89899e+06	(1,0)	(1.13628e-11,1.1839e-26)	(1.23778e-05,-1.77461e-20)	(1.28669e-07,-3.96513e-23)	1.13628e-11	9.61249e-13
1.91919e+06	(1,0)	(8.21831e-12,-2.27254e-28)	(1.24755e-05,5.49525e-21)	(1.04109e-07,-2.91622e-22)	8.21831e-12	6.61603e-13
1.93939e+06	(1,0)	(5.93721e-12,4.21257e-27)	(1.27213e-05,-1.08707e-21)	(8.4706e-08,3.1678e-23)	5.93721e-12	4.54757e-13
1.9596e+06	(1,0)	(4.30312e-12,-1.69834e-27)	(1.31947e-05,2.54829e-20)	(6.97305e-08,-3.50513e-22)	4.30312e-12	3.13531e-13
1.9798e+06	(1,0)	(3.09916e-12,-4.96307e-29)	(1.3777e-05,5.27857e-20)	(5.75893e-08,-3.73387e-22)	3.09916e-12	2.14768e-13
2e+06	(1,0)	(2.23837e-12,-8.8272e-28)	(1.45843e-05,9.51538e-21)	(4.77527e-08,-5.70233e-23)	2.23837e-12	1.47501e-13

