0	(1,0)	(1,0)	(1,0)	(1,0)	1	1
20202	(1,0)	(0.998312,-4.44217e-17)	(0.998312,-5.59204e-18)	(0.998209,-5.09306e-16)	0.998312	0.998281
40404	(1,0)	(0.983669,-1.6154e-17)	(0.983669,2.8804e-16)	(0.982299,-1.36331e-16)	0.983669	0.983466
60606.1	(1,0)	(0.963995,-6.57307e-17)	(0.964001,9.90373e-17)	(0.958659,3.8117e-16)	0.963995	0.963431
80808.1	(1,0)	(0.957457,-4.94606e-16)	(0.957483,4.21441e-16)	(0.944356,-3.63774e-16)	0.957457	0.956251
101010	(1,0)	(0.942293,-4.36394e-16)	(0.942369,6.91902e-16)	(0.916161,-1.24018e-15)	0.942293	0.940151
121212	(1,0)	(0.899349,1.58329e-17)	(0.899519,3.99426e-16)	(0.853068,-2.52332e-16)	0.899349	0.896089
141414	(1,0)	(0.836742,-2.50653e-16)	(0.837071,1.39115e-15)	(0.76239,-1.55245e-15)	0.836742	0.832295
161616	(1,0)	(0.754426,-1.90667e-17)	(0.754997,8.47068e-16)	(0.647641,-5.11621e-16)	0.754426	0.748861
181818	(1,0)	(0.664271,-7.32034e-18)	(0.665179,-3.05704e-16)	(0.525672,-1.83877e-16)	0.664271	0.657715
202020	(1,0)	(0.588618,1.06517e-16)	(0.589987,2.45284e-16)	(0.418909,-6.35096e-16)	0.588618	0.581061
222222	(1,0)	(0.524836,-2.78515e-16)	(0.526804,2.27955e-16)	(0.326638,-1.12792e-16)	0.524836	0.516303
242424	(1,0)	(0.466579,1.86369e-16)	(0.469263,-1.95988e-16)	(0.246425,-1.5082e-16)	0.466579	0.457181
262626	(1,0)	(0.419721,1.80464e-16)	(0.423268,1.3619e-16)	(0.182431,3.55059e-17)	0.419721	0.409408
282828	(1,0)	(0.384532,1.34294e-16)	(0.38912,-3.34908e-17)	(0.133284,-1.8226e-16)	0.384532	0.373155
303030	(1,0)	(0.360616,-1.01516e-16)	(0.366477,3.7682e-16)	(0.0964762,-9.8428e-17)	0.360616	0.347923
323232	(1,0)	(0.352541,-1.61302e-16)	(0.360111,1.90709e-16)	(0.0704347,-1.53199e-17)	0.352541	0.33795
343434	(1,0)	(0.35639,1.42409e-16)	(0.36625,-8.22892e-17)	(0.0515295,6.85514e-17)	0.35639	0.339233
363636	(1,0)	(0.362229,-4.36967e-17)	(0.374879,-3.41116e-16)	(0.0368619,7.91594e-19)	0.362229	0.342149
383838	(1,0)	(0.365516,6.61916e-17)	(0.381374,-2.65479e-16)	(0.0256066,1.37139e-17)	0.365516	0.342397
404040	(1,0)	(0.362895,-2.58359e-16)	(0.38221,6.28238e-16)	(0.0172662,-1.2202e-17)	0.362895	0.336911
424242	(1,0)	(0.352626,-6.51804e-17)	(0.37542,2.43587e-16)	(0.0113738,-1.10907e-18)	0.352626	0.324226
444444	(1,0)	(0.338609,-3.79891e-17)	(0.364971,-1.34476e-16)	(0.00749278,-7.48092e-18)	0.338609	0.308112
464646	(1,0)	(0.321756,-1.08842e-17)	(0.351718,1.4537e-16)	(0.00501593,-4.47448e-18)	0.321756	0.289502
484848	(1,0)	(0.299109,-1.01592e-16)	(0.332232,2.61177e-16)	(0.00342313,-3.6936e-18)	0.299109	0.265895
505051	(1,0)	(0.270663,-9.10621e-17)	(0.306142,1.90903e-16)	(0.0024024,-2.16947e-18)	0.270663	0.237524
525253	(1,0)	(0.239033,8.08911e-17)	(0.275988,1.57829e-16)	(0.00175883,-8.83197e-19)	0.239033	0.206902
545455	(1,0)	(0.207892,1.50957e-17)	(0.245683,-9.85979e-17)	(0.00136645,-6.52154e-19)	0.207892	0.177329
565657	(1,0)	(0.180181,1.31552e-16)	(0.218584,-4.2693e-16)	(0.00114353,1.4786e-18)	0.180181	0.15132
585859	(1,0)	(0.156185,-9.16997e-17)	(0.195105,1.2739e-16)	(0.00103217,-1.32999e-19)	0.156185	0.129027
606061	(1,0)	(0.134841,-4.62339e-17)	(0.174008,1.30917e-16)	(0.000993835,-1.10194e-19)	0.134841	0.109477
626263	(1,0)	(0.114689,-6.07938e-17)	(0.15341,3.53725e-17)	(0.000999955,-3.39281e-20)	0.114689	0.0914308
646465	(1,0)	(0.0952439,-3.48272e-17)	(0.13252,-3.94833e-17)	(0.00103063,-1.45695e-18)	0.0952439	0.0744848
666667	(1,0)	(0.0776289,-2.56774e-17)	(0.11276,2.16318e-16)	(0.00108137,-2.77239e-18)	0.0776289	0.0594913
686869	(1,0)	(0.0623747,-5.36826e-18)	(0.0949334,4.4282e-17)	(0.00114718,-3.43471e-18)	0.0623747	0.0467876
707071	(1,0)	(0.0492237,-3.99728e-17)	(0.0787818,8.38384e-17)	(0.00121344,-5.82039e-19)	0.0492237	0.0360971
727273	(1,0)	(0.0382827,9.92051e-18)	(0.0646577,-1.20423e-16)	(0.00127281,4.80557e-18)	0.0382827	0.0274145
747475	(1,0)	(0.0292627,-3.17381e-17)	(0.0523362,2.70015e-17)	(0.00130994,1.19494e-19)	0.0292627	0.0204395
767677	(1,0)	(0.0218394,3.58685e-19)	(0.0415047,1.06439e-17)	(0.00130449,7.63953e-19)	0.0218394	0.0148611
787879	(1,0)	(0.0161906,-9.35216e-19)	(0.0328058,3.0273e-17)	(0.00126982,-1.86172e-18)	0.0161906	0.0107198
808081	(1,0)	(0.012131,6.52085e-18)	(0.0262897,-1.08723e-17)	(0.00122059,9.09942e-19)	0.012131	0.0078057
828283	(1,0)	(0.00917446,2.25637e-18)	(0.0213255,-3.49139e-17)	(0.00114854,3.81727e-18)	0.00917446	0.00573007
848485	(1,0)	(0.00707224,4.93055e-18)	(0.0176772,1.22462e-17)	(0.00106048,2.33787e-18)	0.00707224	0.00428221
868687	(1,0)	(0.00557117,4.68783e-19)	(0.0150114,-2.35445e-17)	(0.000956866,1.09867e-18)	0.00557117	0.00326636
888889	(1,0)	(0.00440009,5.22943e-19)	(0.0128148,-1.16867e-17)	(0.00082293,7.66951e-19)	0.00440009	0.00249501
909091	(1,0)	(0.00349193,-4.63242e-19)	(0.0110249,-1.23258e-18)	(0.000672337,7.43004e-19)	0.00349193	0.00191284
929293	(1,0)	(0.00280603,7.67572e-19)	(0.00963511,2.56357e-20)	(0.000523025,4.6912e-20)	0.00280603	0.00148328
949495	(1,0)	(0.00224282,-1.21308e-18)	(0.00840382,1.29269e-17)	(0.000378566,-8.80103e-19)	0.00224282	0.00114279
969697	(1,0)	(0.0017805,-5.31435e-19)	(0.0073058,9.25824e-18)	(0.000253204,-2.52944e-20)	0.0017805	0.000873517
989899	(1,0)	(0.00141362,-8.5934e-19)	(0.00637586,5.34216e-18)	(0.000156766,-4.8801e-19)	0.00141362	0.000667003
1.0101e+06	(1,0)	(0.0011012,2.65737e-19)	(0.00548246,-4.92663e-19)	(8.77677e-05,1.60877e-19)	0.0011012	0.000499163
1.0303e+06	(1,0)	(0.000841057,-2.78219e-19)	(0.00464383,8.26601e-18)	(4.4261e-05,-7.53059e-20)	0.000841057	0.000365859
1.05051e+06	(1,0)	(0.000639758,-6.88657e-19)	(0.00393738,-3.53032e-18)	(2.03719e-05,1.51688e-20)	0.000639758	0.000266781
1.07071e+06	(1,0)	(0.000478375,2.23512e-19)	(0.00329905,-5.67644e-18)	(8.43326e-06,2.11045e-20)	0.000478375	0.000191033
1.09091e+06	(1,0)	(0.000350852,2.13455e-19)	(0.00272586,-2.91731e-18)	(3.13805e-06,7.46287e-21)	0.000350852	0.000134037
1.11111e+06	(1,0)	(0.000256685,1.45764e-19)	(0.00225916,-1.6004e-18)	(1.07692e-06,-2.70072e-22)	0.000256685	9.37162e-05
1.13131e+06	(1,0)	(0.000185129,2.6948e-20)	(0.00185688,3.32037e-18)	(3.43534e-07,-6.69936e-22)	0.000185129	6.45292e-05
1.15152e+06	(1,0)	(0.000130772,7.89443e-20)	(0.00150479,8.18763e-19)	(1.04791e-07,-2.73215e-22)	0.000130772	4.34738e-05
1.17172e+06	(1,0)	(9.17737e-05,-8.25996e-21)	(0.00122054,1.4038e-18)	(3.2842e-08,2.31709e-24)	9.17737e-05	2.90681e-05
1.19192e+06	(1,0)	(6.31323e-05,6.05892e-20)	(0.000978309,-8.14497e-19)	(1.1347e-08,2.1571e-23)	6.31323e-05	1.90314e-05
1.21212e+06	(1,0)	(4.20756e-05,9.25185e-21)	(0.000766354,4.68002e-19)	(4.71436e-09,-1.60124e-23)	4.20756e-05	1.20591e-05
1.23232e+06	(1,0)	(2.76029e-05,6.89404e-21)	(0.000596495,-7.47367e-19)	(2.59595e-09,9.08317e-24)	2.76029e-05	7.51378e-06
1.25253e+06	(1,0)	(1.77519e-05,3.26246e-21)	(0.000459866,-9.9985e-19)	(1.93602e-09,2.6779e-24)	1.77519e-05	4.58496e-06
1.27273e+06	(1,0)	(1.10989e-05,-1.6187e-21)	(0.000348648,-1.84272e-19)	(1.8567e-09,2.0668e-24)	1.10989e-05	2.71728e-06
1.29293e+06	(1,0)	(6.85116e-06,6.54596e-21)	(0.000264307,-9.7289e-19)	(2.1325e-09,1.57989e-23)	6.85116e-06	1.58848e-06
1.31313e+06	(1,0)	(4.1669e-06,-1.27299e-21)	(0.000200151,7.72293e-20)	(2.67547e-09,-6.48908e-24)	4.1669e-06	9.1413e-07
1.33333e+06	(1,0)	(2.47902e-06,2.93328e-21)	(0.000150434,-1.68769e-19)	(3.39259e-09,1.02338e-23)	2.47902e-06	5.14165e-07
1.35354e+06	(1,0)	(1.47163e-06,3.64488e-22)	(0.000114567,-8.69541e-20)	(4.23905e-09,1.14833e-23)	1.47163e-06	2.88354e-07
1.37374e+06	(1,0)	(8.79791e-07,2.51788e-22)	(8.93534e-05,1.09799e-19)	(5.15255e-09,-8.85233e-24)	8.79792e-07	1.62741e-07
1.39394e+06	(1,0)	(5.26469e-07,-4.53683e-22)	(7.1093e-05,1.06413e-19)	(6.00507e-09,-1.14225e-23)	5.26469e-07	9.18666e-08
1.41414e+06	(1,0)	(3.1703e-07,5.8437e-23)	(5.81921e-05,-3.42314e-20)	(6.72606e-09,2.55891e-24)	3.1703e-07	5.21456e-08
1.43434e+06	(1,0)	(1.90525e-07,2.96759e-23)	(4.8779e-05,-3.39029e-20)	(7.2018e-09,3.99836e-24)	1.90525e-07	2.95163e-08
1.45455e+06	(1,0)	(1.12102e-07,6.56773e-23)	(4.12496e-05,1.0415e-20)	(7.28493e-09,2.7778e-23)	1.12102e-07	1.63444e-08
1.47475e+06	(1,0)	(6.46727e-08,-4.64802e-23)	(3.53982e-05,3.53158e-20)	(7.00787e-09,-9.79789e-24)	6.46727e-08	8.86754e-09
1.49495e+06	(1,0)	(3.67346e-08,-4.62404e-24)	(3.111e-05,-7.94139e-21)	(6.47628e-09,1.15823e-23)	3.67346e-08	4.7334e-09
1.51515e+06	(1,0)	(2.04368e-08,-4.27543e-23)	(2.80119e-05,-1.74329e-20)	(5.77489e-09,6.58405e-24)	2.04368e-08	2.47305e-09
1.53535e+06	(1,0)	(1.11547e-08,-5.25325e-25)	(2.60056e-05,-2.87627e-20)	(4.99718e-09,8.98069e-24)	1.11547e-08	1.26682e-09
1.55556e+06	(1,0)	(5.97775e-09,2.45098e-24)	(2.49302e-05,3.62154e-20)	(4.18909e-09,-3.68274e-24)	5.97775e-09	6.36754e-10
1.57576e+06	(1,0)	(3.15728e-09,-5.77182e-24)	(2.45258e-05,8.06422e-20)	(3.39463e-09,8.17855e-24)	3.15728e-09	3.15248e-10
1.59596e+06	(1,0)	(1.6921e-09,-5.23268e-24)	(2.46638e-05,7.22939e-20)	(2.67752e-09,-6.22385e-24)	1.6921e-09	1.58268e-10
1.61616e+06	(1,0)	(9.68673e-10,1.32115e-24)	(2.49966e-05,-2.28988e-20)	(2.07488e-09,5.10192e-24)	9.68673e-10	8.48199e-11
1.63636e+06	(1,0)	(6.23725e-10,-1.98031e-25)	(2.47953e-05,-2.99352e-21)	(1.60295e-09,-5.16018e-24)	6.23726e-10	5.10978e-11
1.65657e+06	(1,0)	(4.60035e-10,-1.06259e-24)	(2.35215e-05,7.55128e-20)	(1.2451e-09,-3.11355e-24)	4.60036e-10	3.52402e-11
1.67677e+06	(1,0)	(3.75728e-10,1.42923e-24)	(2.13391e-05,-9.66506e-20)	(9.60673e-10,-1.27815e-25)	3.75728e-10	2.68972e-11
1.69697e+06	(1,0)	(3.22011e-10,-1.22173e-24)	(1.88797e-05,3.70291e-20)	(7.3009e-10,2.02922e-24)	3.22011e-10	2.1528e-11
1.71717e+06	(1,0)	(2.77846e-10,3.84145e-25)	(1.66007e-05,4.24914e-21)	(5.48077e-10,-5.6662e-25)	2.77846e-10	1.73362e-11
1.73737e+06	(1,0)	(2.36431e-10,-5.45905e-25)	(1.46689e-05,2.0462e-20)	(4.05886e-10,7.48736e-26)	2.36431e-10	1.37594e-11
1.75758e+06	(1,0)	(1.98461e-10,2.88594e-25)	(1.31989e-05,-3.19553e-20)	(2.99008e-10,2.23865e-25)	1.98461e-10	1.0766e-11
1.77778e+06	(1,0)	(1.63781e-10,4.0813e-25)	(1.20948e-05,-1.98304e-20)	(2.21827e-10,-4.18271e-25)	1.63781e-10	8.27694e-12
1.79798e+06	(1,0)	(1.30751e-10,-7.67251e-26)	(1.10838e-05,1.1788e-20)	(1.64313e-10,5.38698e-25)	1.30751e-10	6.15165e-12
1.81818e+06	(1,0)	(1.00683e-10,-1.77551e-25)	(1.00977e-05,1.58806e-20)	(1.20493e-10,-2.12579e-25)	1.00683e-10	4.40708e-12
1.83838e+06	(1,0)	(7.52137e-11,-3.1009e-26)	(9.16937e-06,-4.15804e-21)	(8.77983e-11,3.06701e-25)	7.52137e-11	3.06076e-12
1.85859e+06	(1,0)	(5.47966e-11,5.32541e-26)	(8.30155e-06,-2.78411e-22)	(6.37789e-11,-1.21192e-25)	5.47966e-11	2.07175e-12
1.87879e+06	(1,0)	(3.98864e-11,1.51754e-26)	(7.64885e-06,1.39751e-22)	(4.68941e-11,2.91783e-26)	3.98864e-11	1.40012e-12
1.89899e+06	(1,0)	(2.95138e-11,4.03316e-26)	(7.29363e-06,-2.31137e-21)	(3.54118e-11,5.74806e-27)	2.95138e-11	9.61249e-13
1.91919e+06	(1,0)	(2.19075e-11,1.49039e-27)	(7.08885e-06,5.43319e-21)	(2.71956e-11,-7.64801e-26)	2.19075e-11	6.61603e-13
1.93939e+06	(1,0)	(1.62487e-11,1.23217e-26)	(6.97976e-06,1.164e-21)	(2.11301e-11,2.1959e-26)	1.62487e-11	4.54757e-13
1.9596e+06	(1,0)	(1.20951e-11,-2.21912e-27)	(6.99817e-06,1.08659e-20)	(1.66617e-11,-3.14026e-26)	1.20951e-11	3.13531e-13
1.9798e+06	(1,0)	(8.95003e-12,2.73685e-27)	(7.06763e-06,1.13562e-20)	(1.31762e-11,-4.0303e-26)	8.95002e-12	2.14768e-13
2e+06	(1,0)	(6.64388e-12,6.99067e-28)	(7.23801e-06,-6.05651e-21)	(1.04391e-11,3.48727e-27)	6.64388e-12	1.47501e-13
