0	(1,0)	(1,0)	(1,0)	(1,0)	1	1
20202	(1,0)	(0.998284,-5.83944e-16)	(0.998284,1.89241e-14)	(0.963138,-2.93021e-13)	0.998284	0.998281
40404	(1,0)	(0.983484,-2.59333e-16)	(0.983485,3.19824e-15)	(0.626157,7.51256e-14)	0.983484	0.983466
60606.1	(1,0)	(0.963485,-1.93017e-16)	(0.963496,8.81762e-16)	(0.15338,6.47973e-15)	0.963485	0.963431
80808.1	(1,0)	(0.956369,-1.16999e-15)	(0.956414,4.04225e-14)	(0.00955842,-7.42349e-15)	0.956369	0.956251
101010	(1,0)	(0.940358,-1.85284e-15)	(0.940481,5.85975e-14)	(0.000151456,-1.79664e-16)	0.940358	0.940151
121212	(1,0)	(0.896392,-1.13183e-15)	(0.89666,3.7185e-14)	(6.92713e-07,-4.62372e-19)	0.896392	0.896089
141414	(1,0)	(0.832691,-3.65068e-16)	(0.833202,1.09949e-14)	(1.16497e-09,-3.23094e-22)	0.832691	0.832295
161616	(1,0)	(0.749333,-2.17302e-17)	(0.750203,8.83347e-15)	(1.19841e-12,-4.7276e-25)	0.749333	0.748861
181818	(1,0)	(0.658247,2.83607e-16)	(0.659601,-2.11157e-14)	(1.0394e-15,8.22546e-28)	0.658247	0.657715
202020	(1,0)	(0.581648,-1.62426e-15)	(0.583648,5.98278e-14)	(4.86927e-19,-9.10394e-31)	0.581648	0.581061
222222	(1,0)	(0.516947,-5.52343e-16)	(0.519776,1.72968e-14)	(3.81304e-23,-2.43991e-35)	0.516947	0.516303
242424	(1,0)	(0.457876,6.86068e-16)	(0.461702,-3.17164e-14)	(1.58397e-28,2.32681e-40)	0.457876	0.457181
262626	(1,0)	(0.410159,1.57637e-16)	(0.415186,-1.4977e-14)	(1.41187e-35,9.88036e-48)	0.410159	0.409408
282828	(1,0)	(0.373974,-1.60154e-16)	(0.380443,8.85064e-16)	(1.14673e-44,2.01779e-57)	0.373974	0.373155
303030	(1,0)	(0.34883,-2.42283e-16)	(0.357018,-1.87678e-15)	(3.48772e-56,1.09775e-68)	0.34883	0.347923
323232	(1,0)	(0.338986,9.04997e-17)	(0.349367,-7.701e-15)	(2.26473e-70,9.74804e-83)	0.338986	0.33795
343434	(1,0)	(0.340445,5.04327e-17)	(0.35365,-1.15812e-14)	(3.01781e-87,2.89446e-99)	0.340445	0.339233
363636	(1,0)	(0.343563,-2.5889e-16)	(0.3601,5.59362e-15)	(1.02503e-106,-3.94594e-119)	0.343563	0.342149
383838	(1,0)	(0.344022,1.63556e-16)	(0.364229,4.87632e-15)	(1.28141e-128,-9.59969e-141)	0.344022	0.342397
404040	(1,0)	(0.338734,5.67653e-16)	(0.36294,-2.6283e-14)	(1.51191e-152,2.00115e-164)	0.338734	0.336911
424242	(1,0)	(0.326214,-1.01175e-15)	(0.354333,2.90246e-14)	(1.04958e-177,-1.2564e-189)	0.326214	0.324226
444444	(1,0)	(0.310237,2.61121e-16)	(0.34164,-1.80093e-14)	(4.01785e-203,3.83071e-215)	0.310237	0.308112
464646	(1,0)	(0.291738,-4.71851e-16)	(0.326622,9.13247e-15)	(6.46993e-228,-2.60008e-240)	0.291738	0.289502
484848	(1,0)	(0.268181,-5.70858e-16)	(0.307655,1.75427e-14)	(2.37914e-251,-1.90208e-263)	0.268181	0.265895
505051	(1,0)	(0.239786,-2.48786e-16)	(0.284461,6.99983e-15)	(8.78958e-273,-6.51612e-285)	0.239786	0.237524
525253	(1,0)	(0.209074,1.84638e-16)	(0.258814,-1.04404e-14)	(9.71859e-292,6.81872e-304)	0.209074	0.206902
545455	(1,0)	(0.179372,3.13981e-16)	(0.232696,-1.28761e-14)	(5.44362e-308,3.71686e-320)	0.179372	0.177329
565657	(1,0)	(0.153224,3.21827e-16)	(0.207597,-9.24832e-15)	(1.99603e-321,2.47033e-323)	0.153224	0.15132
585859	(1,0)	(0.130796,1.53279e-16)	(0.184404,-5.07879e-15)	(1.97626e-323,4.94066e-324)	0.130796	0.129027
606061	(1,0)	(0.111105,-3.07928e-16)	(0.163448,1.00661e-14)	(4.94066e-324,-4.94066e-324)	0.111105	0.109477
626263	(1,0)	(0.0929004,-2.07125e-16)	(0.144689,8.93803e-15)	(4.94066e-324,-4.94066e-324)	0.0929004	0.0914308
646465	(1,0)	(0.0757746,2.36593e-16)	(0.127953,-1.50944e-14)	(4.94066e-324,4.94066e-324)	0.0757746	0.0744848
666667	(1,0)	(0.0605973,1.75677e-18)	(0.113049,1.25037e-15)	(4.94066e-324,-4.94066e-324)	0.0605973	0.0594913
686869	(1,0)	(0.0477188,1.97485e-16)	(0.0997847,-1.47148e-14)	(9.88131e-324,4.94066e-324)	0.0477188	0.0467876
707071	(1,0)	(0.036864,-4.48972e-17)	(0.0879705,1.16874e-15)	(4.94066e-324,-4.94066e-324)	0.036864	0.0360971
727273	(1,0)	(0.0280346,6.4386e-17)	(0.0774215,-4.62501e-15)	(1.4822e-323,4.94066e-324)	0.0280346	0.0274145
747475	(1,0)	(0.0209305,1.27476e-17)	(0.0680923,-1.42139e-15)	(5.57306e-320,-4.94066e-324)	0.0209305	0.0204395
767677	(1,0)	(0.0152394,-2.19487e-18)	(0.0590916,-1.24442e-15)	(2.14957e-309,1.3735e-321)	0.0152394	0.0148611
787879	(1,0)	(0.0110082,1.83801e-17)	(0.0509671,-2.91558e-15)	(1.12732e-297,1.29269e-309)	0.0110082	0.0107198
808081	(1,0)	(0.00802719,1.46035e-18)	(0.0441295,-3.67542e-16)	(1.99423e-285,8.13315e-299)	0.00802719	0.0078057
828283	(1,0)	(0.00590121,1.4195e-17)	(0.0378298,-3.34766e-15)	(1.39298e-273,2.1584e-285)	0.00590121	0.00573007
848485	(1,0)	(0.00441659,1.13891e-17)	(0.0322916,-2.31134e-15)	(1.73378e-262,1.23073e-274)	0.00441659	0.00428221
868687	(1,0)	(0.00337386,-2.83449e-18)	(0.0275774,1.12552e-15)	(3.87485e-253,-3.69972e-265)	0.00337386	0.00326636
888889	(1,0)	(0.002581,-2.87192e-18)	(0.0233025,3.98187e-16)	(3.12625e-246,-6.299e-259)	0.002581	0.00249501
909091	(1,0)	(0.00198176,1.22416e-18)	(0.0193982,3.05548e-17)	(3.85629e-243,-8.05572e-256)	0.00198176	0.00191284
929293	(1,0)	(0.00153907,-4.92669e-19)	(0.0133437,1.67934e-17)	(2.56024e-238,-2.85901e-251)	0.00153907	0.00148328
949495	(1,0)	(0.0011876,-1.93471e-18)	(0.0108486,1.8076e-16)	(2.98546e-237,2.44541e-250)	0.0011876	0.00114279
969697	(1,0)	(0.000909177,-1.27017e-19)	(0.0110892,1.35508e-16)	(3.47917e-245,-1.22379e-257)	0.000909177	0.000873517
989899	(1,0)	(0.000695316,-1.15867e-18)	(0.0100191,3.98878e-16)	(9.34794e-254,-5.1409e-266)	0.000695316	0.000667003
1.0101e+06	(1,0)	(0.00052117,1.40395e-18)	(0.00470374,-3.14575e-16)	(7.89896e-253,9.12407e-265)	0.000521169	0.000499163
1.0303e+06	(1,0)	(0.000382591,-5.31622e-19)	(0.00407237,1.27164e-16)	(2.31011e-263,-1.08194e-275)	0.000382591	0.000365859
1.05051e+06	(1,0)	(0.000279423,9.39431e-19)	(0.00352024,-4.57905e-16)	(2.43313e-277,5.8488e-289)	0.000279423	0.000266781
1.07071e+06	(1,0)	(0.000200404,2.40118e-19)	(0.00302916,-9.82814e-17)	(3.81382e-295,1.54497e-307)	0.000200404	0.000191033
1.09091e+06	(1,0)	(0.000140836,3.36831e-20)	(0.00261146,-2.49471e-17)	(3.02789e-317,-0)	0.000140836	0.000134037
1.11111e+06	(1,0)	(9.86269e-05,2.61432e-19)	(0.00226485,-1.42093e-16)	(0,0)	9.86269e-05	9.37162e-05
1.13131e+06	(1,0)	(6.80191e-05,1.58513e-19)	(0.00197641,-8.12862e-17)	(0,0)	6.8019e-05	6.45292e-05
1.15152e+06	(1,0)	(4.58983e-05,-4.16377e-20)	(0.00173333,2.35421e-17)	(0,0)	4.58983e-05	4.34738e-05
1.17172e+06	(1,0)	(3.07386e-05,-1.99697e-20)	(0.00152807,1.06336e-17)	(0,0)	3.07386e-05	2.90681e-05
1.19192e+06	(1,0)	(2.01577e-05,-4.57133e-20)	(0.00135683,7.00777e-17)	(0,0)	2.01578e-05	1.90314e-05
1.21212e+06	(1,0)	(1.27936e-05,3.03417e-20)	(0.0012152,-7.56406e-17)	(0,0)	1.27936e-05	1.20591e-05
1.23232e+06	(1,0)	(7.98444e-06,-1.40805e-20)	(0.00109911,6.75377e-17)	(0,0)	7.98444e-06	7.51378e-06
1.25253e+06	(1,0)	(4.88018e-06,-1.87687e-21)	(0.00100603,8.61607e-18)	(0,0)	4.88018e-06	4.58496e-06
1.27273e+06	(1,0)	(2.89704e-06,-2.24719e-21)	(0.000933053,3.53845e-17)	(0,0)	2.89704e-06	2.71728e-06
1.29293e+06	(1,0)	(1.69639e-06,1.0118e-21)	(0.000877221,-3.82709e-17)	(0,0)	1.69639e-06	1.58848e-06
1.31313e+06	(1,0)	(9.77871e-07,-9.30272e-22)	(0.000837405,3.8699e-17)	(0,0)	9.77871e-07	9.1413e-07
1.33333e+06	(1,0)	(5.50948e-07,1.45184e-21)	(0.000812069,-5.6435e-17)	(0,0)	5.50948e-07	5.14165e-07
1.35354e+06	(1,0)	(3.0951e-07,9.19491e-22)	(0.000799135,-6.46166e-17)	(0,0)	3.0951e-07	2.88354e-07
1.37374e+06	(1,0)	(1.74981e-07,2.52761e-22)	(0.000800088,-2.65961e-17)	(0,0)	1.74981e-07	1.62741e-07
1.39394e+06	(1,0)	(9.89477e-08,-3.30952e-22)	(0.000818073,5.65136e-17)	(0,0)	9.89477e-08	9.18666e-08
1.41414e+06	(1,0)	(5.62631e-08,3.30085e-23)	(0.00085556,-3.82949e-17)	(0,0)	5.62631e-08	5.21456e-08
1.43434e+06	(1,0)	(3.19028e-08,2.29784e-23)	(0.000920039,-2.85708e-17)	(0,0)	3.19028e-08	2.95163e-08
1.45455e+06	(1,0)	(1.76971e-08,-2.21187e-23)	(0.00102555,-8.77853e-19)	(0,0)	1.76971e-08	1.63444e-08
1.47475e+06	(1,0)	(9.61851e-09,2.37239e-23)	(0.0011902,-8.10824e-17)	(0,0)	9.61851e-09	8.86754e-09
1.49495e+06	(1,0)	(5.14346e-09,4.57951e-25)	(0.00145207,3.16187e-17)	(0,0)	5.14345e-09	4.7334e-09
1.51515e+06	(1,0)	(2.69214e-09,5.88867e-24)	(0.00189491,-6.85897e-17)	(0,0)	2.69214e-09	2.47305e-09
1.53535e+06	(1,0)	(1.38155e-09,-1.528e-24)	(0.00267109,2.63591e-17)	(0,0)	1.38155e-09	1.26682e-09
1.55556e+06	(1,0)	(6.95692e-10,-7.3208e-25)	(0.00407736,6.54303e-17)	(0,0)	6.95692e-10	6.36754e-10
1.57576e+06	(1,0)	(3.45061e-10,-1.86333e-25)	(0.00671241,2.38329e-16)	(0,0)	3.45061e-10	3.15248e-10
1.59596e+06	(1,0)	(1.73557e-10,2.47983e-25)	(0.0113894,-5.43543e-16)	(0,0)	1.73557e-10	1.58268e-10
1.61616e+06	(1,0)	(9.31872e-11,7.41006e-26)	(0.0177926,-4.06579e-16)	(0,0)	9.31872e-11	8.48199e-11
1.63636e+06	(1,0)	(5.62438e-11,-6.22456e-25)	(0.022253,6.70391e-15)	(0,0)	5.62438e-11	5.10978e-11
1.65657e+06	(1,0)	(3.88624e-11,-9.73114e-27)	(0.0207513,1.77429e-16)	(0,0)	3.88624e-11	3.52402e-11
1.67677e+06	(1,0)	(2.97182e-11,5.66555e-26)	(0.0152458,-1.47526e-15)	(0,0)	2.97182e-11	2.68972e-11
1.69697e+06	(1,0)	(2.38313e-11,-2.62768e-26)	(0.0100527,1.79799e-16)	(0,0)	2.38313e-11	2.1528e-11
1.71717e+06	(1,0)	(1.92279e-11,6.05373e-28)	(0.00664997,-1.28404e-16)	(0,0)	1.92279e-11	1.73362e-11
1.73737e+06	(1,0)	(1.52904e-11,-5.41529e-26)	(0.00459885,6.15723e-16)	(0,0)	1.52904e-11	1.37594e-11
1.75758e+06	(1,0)	(1.19871e-11,-2.25746e-27)	(0.0033435,1.72773e-16)	(0,0)	1.19871e-11	1.0766e-11
1.77778e+06	(1,0)	(9.23371e-12,-3.02637e-26)	(0.00260471,2.76218e-16)	(0,0)	9.23371e-12	8.27694e-12
1.79798e+06	(1,0)	(6.87621e-12,1.48064e-26)	(0.00218351,-1.23402e-16)	(0,0)	6.87621e-12	6.15165e-12
1.81818e+06	(1,0)	(4.93588e-12,6.85438e-27)	(0.00192037,-8.51157e-17)	(0,0)	4.93588e-12	4.40708e-12
1.83838e+06	(1,0)	(3.43481e-12,-5.65581e-27)	(0.00175636,1.37557e-16)	(0,0)	3.43481e-12	3.06076e-12
1.85859e+06	(1,0)	(2.32956e-12,1.85063e-27)	(0.00166607,-3.61477e-17)	(0,0)	2.32956e-12	2.07175e-12
1.87879e+06	(1,0)	(1.5775e-12,-1.69889e-27)	(0.00159448,6.30179e-17)	(0,0)	1.5775e-12	1.40012e-12
1.89899e+06	(1,0)	(1.0852e-12,2.9657e-28)	(0.00154578,-1.88185e-17)	(0,0)	1.0852e-12	9.61249e-13
1.91919e+06	(1,0)	(7.48418e-13,-1.33059e-27)	(0.00152807,5.60203e-17)	(0,0)	7.48417e-13	6.61603e-13
1.93939e+06	(1,0)	(5.15467e-13,2.55748e-28)	(0.00153775,-2.08887e-17)	(0,0)	5.15468e-13	4.54757e-13
1.9596e+06	(1,0)	(3.56109e-13,1.26196e-27)	(0.00157859,-1.62921e-16)	(0,0)	3.56109e-13	3.13531e-13
1.9798e+06	(1,0)	(2.44429e-13,7.60122e-28)	(0.00165375,-9.67041e-17)	(0,0)	2.44429e-13	2.14768e-13
2e+06	(1,0)	(1.68215e-13,-2.80636e-28)	(0.00174076,9.01615e-17)	(0,0)	1.68215e-13	1.47501e-13