1
0.998284
0.983484
0.963485
0.956369
0.940358
0.896392
0.832691
0.749333
0.658247
0.581648
0.516947
0.457876
0.410159
0.373974
0.34883
0.338986
0.340445
0.343563
0.344022
0.338734
0.326214
0.310237
0.291738
0.268181
0.239786
0.209074
0.179372
0.153224
0.130796
0.111105
0.0929004
0.0757746
0.0605973
0.0477188
0.036864
0.0280346
0.0209305
0.0152394
0.0110082
0.00802719
0.00590121
0.00441659
0.00337386
0.002581
0.00198176
0.00153907
0.0011876
0.000909177
0.000695316
0.000521169
0.000382591
0.000279423
0.000200404
0.000140836
9.86269e-05
6.8019e-05
4.58983e-05
3.07386e-05
2.01578e-05
1.27936e-05
7.98444e-06
4.88018e-06
2.89704e-06
1.69639e-06
9.77871e-07
5.50948e-07
3.0951e-07
1.74981e-07
9.89477e-08
5.62631e-08
3.19028e-08
1.76971e-08
9.61851e-09
5.14345e-09
2.69214e-09
1.38155e-09
6.95692e-10
3.45061e-10
1.73557e-10
9.31872e-11
5.62438e-11
3.88624e-11
2.97182e-11
2.38313e-11
1.92279e-11
1.52904e-11
1.19871e-11
9.23371e-12
6.87621e-12
4.93588e-12
3.43481e-12
2.32956e-12
1.5775e-12
1.0852e-12
7.48417e-13
5.15468e-13
3.56109e-13
2.44429e-13
1.68215e-13